0.0154747  0.741878 -0.670356  0.621461 -0.776133  0.106792
 0.109751  0.289128 -0.950978  0.125794 -0.991873 0.0190604
0.0245888 -0.99105 0.131205   0.135965  -0.990688 0.00710145
0.00206906 -0.995915 0.0902667   0.36998 -0.926804 0.0644103
 0.767014  0.599745 -0.228024  0.752901 -0.304914  0.583239
  0.231292    0.97096 -0.0611588  0.142006 -0.983488   0.11219
  0.388834   0.920396 -0.0409687  0.133166 -0.982115  0.133108
  0.870281   0.492515 0.00633399  0.423146 -0.654748  0.626301
 0.448894 -0.309556  0.838254  0.969397  -0.23892 0.0564535
 0.848812 -0.130661  0.512294   0.41356  0.463671 -0.783567
 0.311686 -0.120785  0.942477   0.997228 -0.0493945  0.0556411
 0.237815 -0.136732  0.961638  0.889676 -0.435833  0.136115
 0.0206746 -0.0379937   0.999064  0.668953 -0.732838  0.124299
  0.063432 0.00321657   0.997981 0.639836 -0.75916 0.119527
0.0382494 -0.667187 -0.743908  0.143935 -0.989163 0.0289574
0.0594742 -0.728171 -0.682811  0.133932 -0.990661 0.0255625
0.968874 0.206713 0.136206  0.649823 -0.469039  0.598108
   0.916444    0.400042 -0.00984002 0.423861 -0.67608 0.602708
  0.524994   0.850139 -0.0405625  0.141002 -0.978494  0.150559
 0.853604  0.520141 0.0285271  0.171544 -0.970887  0.167185
0.900544 0.407869 0.150546  0.295358 -0.590435  0.751099
 0.749322 -0.624164  0.221213  0.170516 -0.965757  0.195545
 0.751326 -0.637085  0.172139  0.145677 -0.963967  0.222589
 0.943264 -0.279814  0.178765  0.115877 -0.764588  0.634017
 0.91108 0.381735 0.155602 0.0925791  0.365082 -0.926361
 0.946359 -0.275057  0.169555  0.101644  0.404592 -0.908831
 0.959424 -0.271834 0.0749118 7.9538e-05 -0.169423 -0.985543
 0.920695  0.390153 0.0100352 0.0432353 0.180459 0.982632
 0.957096   0.28708 0.0394003 0.210852 -0.34493 0.914639
 0.936794  0.301225 -0.177992 0.387896 0.165322 0.906755
 0.971719  0.171264 -0.162574   0.437882 -0.0145828   0.898914
    0.967 0.0797864  0.241961 0.0258101 -0.499924  0.865685
 0.827162 -0.550937  0.110779  0.316252 -0.750126  0.580771
 0.871919 -0.457437  0.174668  0.123654 -0.769172  0.626964
 0.802071 -0.579371  0.144954  0.189414 -0.948118  0.255333
0.792852   -0.596 0.127158  0.22265  -0.9337 0.280411
 0.845578 -0.515942  0.137118  0.257012 -0.598095  0.759096
 0.792796 -0.596484  0.125223  0.217449 -0.925346  0.310565
 0.671366 -0.729128  0.132816 0.0603191 -0.934772   0.35009
   0.5889 -0.789958  0.170774 0.0688858  0.325472 -0.943039
 0.908694 -0.397935  0.126182  0.111058 0.0681852  0.991472
 0.555107 -0.817345  0.154281 0.0144963 0.178733 0.983791
0.558863 -0.81657 0.144519 0.0243631 0.601071 0.798824
 0.891147 -0.360901   0.27497 0.0108123 0.602949 0.797707
 0.818152 -0.566645 0.0976787  0.199412 -0.266675  0.942931
 0.840106 -0.525002  0.136363 0.226185 0.364046 0.903499
 0.902253 -0.418774    0.1028 0.117852 0.234675 0.964903
 0.887619 -0.435371  0.150282 0.0204689 -0.381486  0.924148
 0.320968 -0.832826  0.450978   0.755682  -0.654541 -0.0228051
 0.477887 -0.844568  0.241513  0.696675 -0.599693 -0.393716
0.512011 -0.83569 0.198663  0.970679 0.0190215 -0.239625
 0.299844 -0.911396   0.28187  0.841451 -0.538678 0.0422658
 0.495086 -0.777022   0.38875  0.936879 -0.289357 -0.196294
  0.20763 -0.928605  0.307543  0.884152  -0.46486 0.0466878
0.160867 -0.93433 0.318041  0.940585 -0.338085 0.0316149
 0.898097 -0.433404 0.0747167  0.110081  0.755066 -0.646342
  0.80535 -0.573949  0.148306  0.107458 -0.245612 -0.963394
 0.904702 -0.410943  0.112427  0.0767478 -0.0846414  -0.993451
 0.916542 -0.325152  0.232866  0.190952 -0.729596 -0.656679
0.845153 -0.3666   0.389  0.313731 -0.818553  -0.48119
 0.632045 -0.756402  0.168449  0.132298 -0.419171 -0.898217
 0.190193 -0.849838 -0.491531  0.689352 -0.679155  0.252075
  0.430058  -0.899938 -0.0718421 0.320339 0.300722 0.898303
 0.457937 -0.879744  0.127841 0.0235558 -0.306222 -0.951669
 0.788868 -0.554339  0.265321  0.758471  0.458033 -0.463603
 0.944824 -0.317854 0.0792213    0.1734  0.746035 -0.642934
 0.279143 -0.910227  0.305886   0.996602 -0.0771164 -0.0289397
 0.303201 -0.901277  0.309465   0.994408  0.0909454 -0.0536806
 0.787926   0.55555 -0.265587  0.760537 -0.455529  0.462684
 0.306624   0.90036 -0.308761   0.994036 -0.0936975  0.0557905
 0.285004  0.908761 -0.304838  0.996873  0.072298 0.0318805
  0.944892   0.317936 -0.0780793  0.174072 -0.746018  0.642772
  0.950819   0.309276 -0.0170672 0.00990568 0.0157522  0.999827
  0.960217   0.275823 -0.0436379  0.0304886 -0.0219424   0.999294
 0.959451  0.270474 -0.079354 0.0549338 0.654429 0.754125
0.941439 0.315342 0.119384  0.173382 -0.625848  -0.76043
 0.950435 -0.310364  0.018627  0.0112537 -0.0157126  -0.999813
 0.941158 -0.316623 -0.118201 0.172445 0.625574 0.760868
 0.959145 -0.271027 0.0811526 0.0564898 -0.654425 -0.754013
 0.959975 -0.276387 0.0453575 0.0318437 0.0218536 -0.999254
 0.492615  0.778123 -0.389687 0.935896 0.293672 0.194562
  0.897403   0.434859 -0.0746037  0.114521 -0.754103  0.646694
0.166608 0.933578 -0.31729   0.941783   0.334954 -0.0291771
 0.212087  0.927851 -0.306776  0.885368  0.462751 -0.044562
 0.321778  0.832868 -0.450322  0.755235  0.655006 0.0242392
 0.302207  0.910797 -0.281284   0.842321   0.537457 -0.0404471
 0.513323  0.835097 -0.197771   0.969063 -0.0286627   0.245145
 0.478828  0.844557 -0.239681 0.695917 0.594109 0.403402
 0.631927  0.756614 -0.167939 0.133147 0.420264  0.89758
 0.457774  0.879953 -0.126987 0.0226371  0.30578 0.951833
 0.430228  0.899825 0.0722395  0.317084 -0.305715 -0.897773
 0.19304 0.850442  0.48937  0.690463  0.677473 -0.253558
 0.805236   0.57451 -0.146745  0.10684 0.244952 0.963631
 0.845686   0.36976 -0.384827 0.311276  0.81809 0.483566
0.916937 0.326105 -0.22996 0.188575 0.729227 0.657774
 0.904823  0.411163 -0.110638 0.0755547 0.0841906  0.993581
 0.844581  0.518057 -0.135276  0.257401  0.597954 -0.759076
  0.59022   0.78909 -0.170229  0.067481 -0.325101  0.943269
  0.67191  0.728736 -0.132214 0.0602728  0.934486 -0.350859
 0.791977  0.597755 -0.124342  0.217099  0.925263 -0.311057
 0.827148  0.551309 -0.109014  0.315803  0.749392 -0.581962
 0.791857  0.597532 -0.126166  0.221967   0.93366 -0.281085
 0.800459  0.581876 -0.143822 0.188796 0.948013 -0.25618
 0.871486   0.45908 -0.172501  0.122837  0.768087 -0.628454
  0.818763   0.566172 -0.0952712  0.199841  0.265701 -0.943115
 0.887503  0.436783 -0.146831 0.0207616  0.379468 -0.924972
  0.902164   0.420358 -0.0969502  0.118195 -0.235238 -0.964724
 0.840504  0.525152 -0.133299  0.224786 -0.365913 -0.903094
 0.907563  0.401123 -0.124215  0.111782 -0.067769 -0.991419
  0.89081  0.363582 -0.272518 0.0110741 -0.603095 -0.797592
 0.560756  0.815248 -0.144652 0.0243803 -0.600977 -0.798894
 0.557282  0.816032 -0.153391 0.0153693 -0.178651 -0.983793
 0.904156 -0.400067 -0.149828  0.290561  0.587776 -0.755045
 0.942366  0.283948 -0.176974  0.114288  0.762711 -0.636561
 0.749745  0.639265 -0.170944   0.14516  0.963796 -0.223663
 0.747594  0.626689 -0.219918  0.169852  0.965684 -0.196483
  0.96959 -0.201526 -0.138863  0.643837  0.468301 -0.605118
  0.866896  -0.497546 -0.0306535  0.170848  0.970863 -0.168038
 0.527425 -0.848641 0.0403844  0.140907  0.978357 -0.151534
  0.917199  -0.398316 0.00953073  0.424076  0.671789 -0.607338
  0.956238  -0.290135 -0.0378285  0.207232  0.337224 -0.918333
  0.967117 -0.0866057  -0.239133 0.0345359  0.492767 -0.869475
 0.969913 -0.175985  0.168223  0.439364 0.0117232 -0.898232
 0.935702 -0.306185  0.175251  0.376134 -0.163353 -0.912052
  0.91563 -0.371398 -0.153902 0.0952419 -0.359564  0.928247
    0.924865    -0.380297 -0.000189873 0.0432628 -0.178999 -0.982898
  0.959139   0.275054 -0.0663202 0.000998414 -0.169244 -0.985574
 0.946181  0.278368 -0.165082  0.101944 -0.400756  0.910495
 0.766159 -0.600719  0.228334  0.752436   0.30128 -0.585722
  0.869873  -0.493224 -0.0071364  0.423958  0.650866 -0.629789
  0.38857 -0.920502 0.0410971  0.133235  0.981984 -0.133996
 0.230855 -0.971062 0.0611919  0.142138  0.983386 -0.112914
0.0163532 -0.737626  0.675012  0.621671  0.775604 -0.109379
0.00169089   0.995889 -0.0905614   0.368044   0.927505 -0.0654132
0.0241929  0.990951 -0.132027    0.135937    0.990689 -0.00754169
  0.11217 -0.259624  0.959173   0.126017   0.991836 -0.0195343
0.0205311  0.039167 -0.999022  0.669716  0.731561 -0.127668
0.0597773 0.724778 0.686384   0.134175   0.990617 -0.0259934
0.0383242 0.663467 0.747224   0.144069   0.989134 -0.0292983
   0.0634129 -0.000990569    -0.997987  0.641374  0.757335 -0.122817
0.445602 0.307124  -0.8409    0.96942   0.237039 -0.0635431
 0.236128  0.135606 -0.962213 0.890261 0.432469 -0.14285
 0.304586  0.119281 -0.944987   0.996654  0.0464326 -0.0672648
 0.848216  0.126366 -0.514355  0.40627 -0.46331 0.787584
0.00561729  0.183455 -0.983012  0.704258 -0.701678   0.10802
0.00302934 -0.436998  0.899457  0.159474  -0.98683 0.0271045
0.0148301   -0.7078 -0.706257  0.156428 -0.987239 0.0298323
0.0310392 0.215912 0.975919  0.689775 -0.713709   0.12178
0.0349775 0.124444 -0.99161  0.917236 -0.383686  0.107066
0.0648935 0.144617 0.987357  0.899038 -0.401642  0.174396
0.0727839 -0.137849 -0.987775    0.94981 0.00759553   0.312735
 0.146339 0.0776208 -0.986185 0.986648 0.053103  0.15397
0.00468521 -0.171211  0.985223   0.88786 -0.453133 0.0798398
0.0127151  0.160746 -0.986914   0.998297 0.00129579  0.0583269
  0.175774 -0.0991844   0.979421  0.994134 -0.107452 0.0123489
  0.175386 -0.0904479   0.980336  0.845361 -0.531149  0.056974
0.00450234  0.176618 -0.984269  0.658593 -0.746583 0.0941713
0.0140222 0.113911 0.993392   0.62666 -0.774313 0.0879586
0.0103563 -0.376807 -0.926234  0.152495 -0.987978 0.0253754
0.0103635 -0.362719  0.931841  0.152318 -0.988027 0.0245333
  0.60389  0.141838 -0.784346 0.614978 0.711502 0.339951
 0.387335  0.110701 -0.915269 0.860338 0.433461 0.268198
  0.502011 -0.0670823  -0.862256 0.816987 0.303933 0.490058
 0.808309  0.138365 -0.572269 0.628219 0.513736 0.584309
 0.310522   0.94961 -0.042629 0.00154819 -0.972653 -0.232256
 0.902908  0.377051 -0.206375 0.275696 0.642309 0.715144
0.884105 0.149862 0.442606  0.346045 -0.693224 -0.632212
0.0520998   -0.9983 0.0261121 0.0530081  0.991547 -0.118428
 0.128004  0.897906 -0.421164  0.200408  0.975244 0.0934619
 0.0117653  -0.999609 -0.0253775 0.0040297 -0.999976 0.0055715
 0.141972 -0.590444  0.794493  0.0147235     0.9996 -0.0241403
0.118011 0.733281 0.669606  0.196769  0.966329 -0.165805
0.0632204  0.217712 -0.973963   0.608965   0.791487 -0.0520512
0.0762142 -0.125983    0.9891   0.635383   0.771907 -0.0211623
 0.143023 -0.101721  0.984478   0.913356   0.406208 -0.0278541
0.0753625  0.191991 -0.978499   0.88011  0.467941 0.0802286
 0.00849397   -0.999949 -0.00545302  0.126009  -0.99125 0.0392995
0.0375096  -0.99862 0.0367549 0.0807918 -0.996642 0.0133231
0.661776 0.403981 0.631547  0.539637 -0.749985  -0.38251
 0.70843 0.329981 0.623891  0.609761 -0.777586 -0.153463
 0.337178 -0.857077  0.389525  0.116157 -0.992016 0.0491112
0.502817 0.569153 0.650569   0.717949  -0.696026 0.00982439
 0.655805 -0.610652  0.443873  0.279231 -0.914926 -0.291444
 0.21598 0.765403 0.606226  0.298012 -0.951052 0.0817906
0.0750317 0.466001 0.881597  0.119038 -0.990276 0.0719915
 0.125939 -0.725786  0.676294  0.313841 -0.937477   0.15047
 0.153959 -0.646681 -0.747061  0.318263 -0.927856  0.194399
0.0692522  0.442332 -0.894174  0.119603 -0.989021 0.0867888
 0.792285  0.609967 0.0150154 0.124314 0.799418 0.587773
 0.0743977   0.993406 -0.0872271 0.0727639 0.991932 0.103811
 0.0885698   0.995954 -0.0152137 0.00624607   0.99714 0.0753162
  0.358394  -0.930998 -0.0692631  0.018655  0.996675 0.0793158
  0.364199 -0.0512419    0.92991  0.633443 -0.769636 0.0800702
  0.423022 0.00547672   0.906103  0.520919 -0.852639 0.0406139
0.0447809 -0.848278 -0.527655 0.596473 -0.78586  0.16323
0.00322593 0.851341 0.524603  0.661569 -0.739854  0.122241
 0.231447 0.0455226  0.971782   0.73194 -0.677423 0.0732181
0.119132 0.807916  0.57713   0.74515 -0.661936  0.081192
0.122127 0.802593 0.583891  0.846328 -0.530671 0.0460141
0.126283  0.10304 0.986628  0.843267 -0.534663 0.0550965
0.0570352 -0.232131  0.971011  0.716988 -0.691329  0.089403
0.0233897 -0.197568   0.98001  0.835946 -0.544459  0.068986
0.0697476 0.0966153 -0.992875  0.837587 -0.535145  0.109857
0.0846952 0.0828243 -0.992959   0.71731 -0.682097  0.142163
0.0946171 -0.287895  0.952976  0.606841 -0.788326  0.101421
0.0829935 0.0762042 -0.993632  0.604776 -0.780526  0.158192
0.0427926 -0.226962  0.972963  0.499621 -0.860065   0.10328
0.0245028  0.132071 -0.990937  0.487837 -0.847424  0.209495
0.0130108 -0.145589  -0.98926   0.994816  -0.101381 0.00799516
0.0468232 0.134642 0.989787  0.940315 -0.338928 0.0305824
0.0369331 0.820109 0.571015  0.940825 -0.337752 0.0277698
0.0667437 -0.832784  -0.54956   0.99455 -0.100941 0.0260972
0.0112821 0.145577 0.989283   0.994862   0.101023 -0.0066893
0.0650288 0.832878 0.549622   0.994636   0.100513 -0.0244284
0.0380772 -0.820347 -0.570596   0.941028   0.337313 -0.0261965
0.0481985  -0.13469 -0.989715   0.94051  0.338504 -0.029255
0.00504221 0.198044 -0.98018    0.993521    0.113554 -0.00466547
0.0153729  0.191503 -0.981372   0.938123   0.344803 -0.0321974
 0.0620665 -0.0949639   0.993544   0.938739   0.338256 -0.0659665
  0.029482 -0.0921382    0.99531   0.993593   0.111941 -0.0155944
0.00321166 -0.198008  0.980195   0.993469  -0.113936 0.00611197
0.0325687 0.0922123 -0.995207  0.993573 -0.111824 0.0175368
0.0648934 0.0952424 -0.993337  0.938539  -0.33834 0.0683464
 0.013696 -0.191434   0.98141  0.937895 -0.345272 0.0337542
  0.231762 -0.0461448  -0.971677    0.73256   0.676895 -0.0719007
 0.127173  -0.10328 -0.986489   0.843663   0.534172 -0.0537921
 0.122246 -0.803228 -0.582992   0.846764   0.530088 -0.0446892
 0.118042 -0.809022 -0.575804   0.745757   0.661402 -0.0799577
 0.363925 0.0498628 -0.930093   0.634244    0.76911 -0.0787646
0.000856569 -0.852447 -0.522812  0.662221  0.739465 -0.121053
0.0477295 0.849323 0.525711  0.597415  0.785178 -0.163067
   0.421856 -0.00845338   -0.906623   0.521616   0.852285 -0.0390687
0.0953427  0.287139 -0.953132   0.607798   0.787789 -0.0998534
0.0261493 -0.127753  0.991461 0.488578 0.846842 -0.21012
0.0455833 0.226774 -0.97288   0.500824   0.859764 -0.0999102
 0.0807156 -0.0749472   0.993915  0.605871   0.78016 -0.155791
0.0582214 0.231967 -0.97098   0.717765   0.690728 -0.0878002
 0.0821022 -0.0819867   0.993246  0.718171  0.681721 -0.139592
 0.0669649 -0.0961373   0.993113  0.838096  0.534863 -0.107318
 0.024816  0.197577 -0.979973   0.836443   0.543891 -0.0674277
 0.337189  0.856424 -0.390949    0.11678   0.991884 -0.0502807
 0.213137 -0.768903 -0.602795   0.298355   0.950871 -0.0826372
  0.65688  0.609358 -0.444062 0.280096 0.914593  0.29166
 0.493364 -0.578011 -0.649996 0.722498  0.69121 -0.01504
0.00845701   0.999951 0.00511328  0.117574  0.992383 -0.036767
 0.675922 -0.377457 -0.632974 0.641529 0.756938 0.124443
 0.605364 -0.459322 -0.650044 0.607075 0.721499 0.333016
  0.034585   0.998734 -0.0365409  0.0791037    0.99676 -0.0145568
 0.922763    -0.384 0.0324468 0.152836 0.704537 0.693014
 0.971363 -0.228669 0.0645308 0.155346 0.745896 0.647693
  0.582475  -0.811902 -0.0392307 0.0300479  0.99125 0.128533
  0.553153  -0.832472 -0.0318191 0.0294166 0.989403 0.142186
0.0744407  -0.46772 -0.880737   0.119237   0.990202 -0.0726812
0.069601  -0.4352 0.897639   0.119825   0.988956 -0.0872244
0.153171 0.651786 0.742774 0.318726 0.927527 -0.19521
 0.125882  0.727002 -0.674998  0.313865  0.937352 -0.151192
 0.308812  -0.95015 0.0430221 0.00409773 0.971126  0.23853
0.0507341  0.998389 -0.025412 0.0486601 -0.992778  0.109658
 0.872049 -0.171325 -0.458452 0.384168 0.685704 0.618243
 0.903253 -0.369343   0.21845  0.277361 -0.637669 -0.718644
 0.589699 -0.134499  0.796345  0.613929 -0.709311 -0.346366
 0.802843 -0.144293  0.578466  0.622553 -0.511144 -0.592587
 0.492426 0.0620898  0.868137  0.814772 -0.303629 -0.493919
 0.378901 -0.110219   0.91885  0.858533 -0.432916  -0.27478
0.0550475 -0.209073  0.976349  0.609604 -0.790804 0.0548873
0.0777952 -0.193776  0.977956   0.878619  -0.468471 -0.0925407
 0.134415 0.0976269 -0.986104  0.908416 -0.417919 0.0111153
0.0744964  0.115258 -0.990538   0.634974  -0.772481 0.00904601
0.129529 -0.90937 0.395308  0.205231 -0.966461 -0.154383
 0.115131 -0.747558 -0.654142  0.194505 -0.964681  0.177649
 0.147127  0.557436 -0.817079 0.0141576 -0.999592   0.02479
0.0138833   0.99944 0.0304396  0.00472364    0.999965 -0.00695293
0.0323309 -0.119778  0.992274  0.916858  0.381961 -0.116087
  0.140922 -0.0760621   0.987094   0.985144 -0.0547705  -0.162765
0.0659501 0.132482 0.988989     0.94799 -0.00942719    -0.31816
0.0710516 -0.138943 -0.987748  0.898906  0.399099 -0.180798
0.00527412 -0.174951  0.984563  0.70465 0.700684 -0.11185
0.0317568 -0.217499 -0.975544 0.689951  0.71302 -0.12478
0.0152774 0.713628 0.700358   0.156624   0.987198 -0.0301536
0.00298229  0.424875 -0.905247   0.159901   0.986748 -0.0275823
0.00438108 -0.187702  0.982216   0.660812   0.744138 -0.0979067
0.0123346  0.395675 -0.918308   0.152653   0.987965 -0.0249666
0.00844886 0.349481 0.936906   0.152383   0.987993 -0.0254771
   0.01506 -0.0620924  -0.997957  0.634653  0.767333 -0.091739
0.00751056 -0.17085 0.985268   0.888874   0.449048 -0.0908779
 0.150701 0.0986038  -0.98365   0.855587   0.512923 -0.0698701
 0.156741  0.101358 -0.982425   0.995893  0.0842296 -0.0332072
0.0222588 -0.162916  0.986389    0.99722 -0.0055549 -0.0742997
0.0306663 -0.495407   0.86812  0.543255 -0.837319 0.0614033
0.0281487 -0.705882  0.707769  0.155286 -0.987679 0.0194069
0.000278679 0.310005 0.950735  0.158748 -0.987015 0.0245147
0.0229717 0.0791484  0.996598  0.602968 -0.793467 0.0826987
 0.113625 -0.577609  0.808367  0.709366 -0.704755 0.0109623
 0.201218 -0.187145  0.961503  0.786676 -0.614504 0.0593853
 0.219975 -0.243312  0.944675   0.967706  -0.252079 0.00134313
 0.102696 -0.550543  0.828466   0.915217   -0.39162 -0.0949308
0.0219709 -0.464151  0.885484   0.58963 -0.807546 0.0143144
0.0657533 -0.484843  0.872126   0.799429  -0.593434 -0.0935355
0.00238411  0.222519 -0.974925  0.702347 -0.711617 0.0175891
0.0307114  0.215482 -0.976025  0.513862 -0.856859  0.041689
0.0267151 -0.470023   0.88225  0.448749 -0.892558 0.0443154
0.00848452 -0.305247  0.952235  0.392909 -0.918479 0.0449383
0.0205032 -0.522345  0.852488  0.131083 -0.991269 0.0142727
0.0379415 -0.747798  0.662841  0.141812 -0.989798 0.0137599
 0.500855 -0.464076  0.730601  0.618438  0.597016 -0.510985
 0.190293 -0.551652  0.812077   0.95532  0.127582 -0.266619
 0.295192 -0.296593  0.908237  0.947973  0.288829 -0.133884
 0.447911 -0.325022  0.832908  0.601255  0.724457 -0.337127
  0.82922 -0.247812  0.500982  0.303319  0.789234 -0.533954
 0.542746 -0.537292  0.645557  0.188974  0.966383 -0.174336
  0.57863 -0.662649  0.475483  0.0474605   0.996351 -0.0709421
 0.884257 -0.299102  0.358646  0.225956  0.835725 -0.500508
 0.889536 -0.253753  0.379916  0.173011  0.590203 -0.788497
 0.965404 -0.102545  0.239748  0.077585  0.657368 -0.749565
  0.989541 -0.0473901   0.136243 0.0391859  0.260326 -0.964725
 0.972284 -0.175443  0.154546 0.0551249  0.222702 -0.973327
0.895029 -0.16342 0.414991  0.275049  0.493217 -0.825279
    0.99227 -0.00370974    0.124043 0.0682404 0.191744 -0.97907
0.460391 -0.32736 0.825152  0.787741 -0.207698 -0.579936
  0.26342 -0.486877  0.832803   0.908268 -0.0564052  -0.414569
 0.851812  0.451756 -0.265203   0.31426 -0.805348  0.502648
 0.972022 -0.133309  0.193397 0.0305269 -0.852962   0.52108
 0.590288  0.805421 0.0534566 0.0412905 -0.991893  0.120177
   0.701728   -0.712391 -0.00878412 0.0816941 -0.988506  0.127209
 0.884497  0.305689 -0.352446 0.393148  -0.7797 0.487342
 0.696971  0.306211 -0.648434  0.119183 -0.986254  0.114449
 0.494588   0.50029 -0.710698  0.289532 -0.933771   0.21034
 0.885577 -0.390089  -0.25216  0.266708 -0.790257   0.55169
   0.99522 -0.0587962  -0.077978    0.1023 -0.617552  0.779849
  0.93214 -0.333867 -0.140172  0.107522 -0.545722  0.831039
0.941558 -0.33598 0.024206 0.0268722 -0.191783  0.981069
  0.996189 -0.0790374  0.0368871 0.0304754 -0.239367  0.970451
  0.999809 0.00552787  0.0187455 0.0551274 -0.664979  0.744825
  0.997308 -0.0155198  0.0716675 0.0136729  -0.2724 0.962087
  0.993393 -0.0390567   0.107911 0.0147056  0.277826 -0.960519
 0.989645 -0.054672  0.132719 0.0128359  0.676365 -0.736454
 0.241618  0.448579 -0.860464  0.658218 -0.719855   0.22036
 0.811916 -0.495712 -0.308321  0.325818 -0.756806  0.566645
 0.561302 0.0294551 -0.827086  0.459466 -0.831397  0.312521
 0.412849  0.105819 -0.904631  0.621235 -0.751074  0.223505
0.0106412  0.597585 -0.801735  0.789967 -0.606513 0.0899688
 0.221699  0.234951 -0.946387  0.741342 -0.652231  0.158135
  0.10095  0.284279 -0.953412  0.856921 -0.505748 0.0995247
0.0929579 -0.639184  0.763415    0.891273   -0.453464 -0.00162107
 0.748373 -0.635402  0.190267 0.0890561  0.384646 -0.918758
 0.768762 -0.581741  0.265675  0.182492  0.366086 -0.912512
 0.830801 -0.546273  0.106566 0.0307075  0.154784 -0.987471
0.778429 -0.61811 0.109488 0.0238111  0.143538 -0.989358
 0.698887 -0.699834  0.147617  0.015568  0.414138 -0.910081
  0.70098 -0.703408  0.117661 0.0123996  0.136786 -0.990523
 0.710301  -0.69897 0.0831473 0.00931858 -0.154906  0.987885
 0.726738 -0.685986  0.035708 0.0590634 -0.475063  0.877967
 0.104733 -0.671351  0.733703   0.995548 -0.0885336 -0.0323274
 0.149098 -0.659283  0.736964   0.962833  -0.263758 -0.0581776
0.0368902  0.290218 -0.956249  0.949894 -0.309497 0.0437323
9.52279e-05  0.280064 -0.959981   0.996182 -0.0871109 0.00570635
 0.102894  0.671761 -0.733587  0.995391 0.0898508 0.0335136
0.00175771  0.279781 -0.960062    0.996081   0.0883522 -0.00411513
0.0349624 -0.289443  0.956557   0.949706   0.310364 -0.0416254
 0.147859  0.660141 -0.736445 0.962375 0.265126 0.059524
 0.271842  0.563274 -0.780272  0.96691 0.048883  0.25039
  0.73779  0.542315 -0.401946  0.370903 -0.337375  0.865222
 0.870982  0.468188 -0.148963  0.062054 -0.166806  0.984035
 0.891171  0.363867 -0.270953  0.197098 -0.185596  0.962656
 0.273727 -0.562404  0.780241   0.967237 -0.0478593  -0.249325
 0.895553 -0.359488   0.26221  0.186394  0.189359 -0.964054
 0.872686 -0.465531  0.147309 0.0577741  0.168915 -0.983936
 0.740847 -0.539835  0.399655  0.363195  0.341553 -0.866851
0.0036821 -0.601423  0.798922   0.790589    0.60657 -0.0839163
 0.093464  0.640515 -0.762237   0.890779   0.454418 0.00416189
0.0979024 -0.283368  0.954001   0.856978     0.5062 -0.0966976
  0.21659 -0.234679  0.947636  0.742014  0.652356 -0.154424
 0.206513 -0.472582  0.856749  0.664525  0.718642 -0.204844
 0.405463 -0.106956  0.907833  0.622843  0.751005 -0.219222
  0.556257 -0.0251169   0.830631   0.46059  0.831231 -0.311307
0.806731 0.501239  0.31296  0.326117  0.757129 -0.566042
 0.692658  0.704698 -0.153704 0.0230774 -0.408389  0.912516
  0.718747   0.694239 -0.0378804 0.0572022   0.47278 -0.879322
  0.702826   0.706556 -0.0825475 0.00928521  0.155603 -0.987776
 0.697039  0.707362 -0.117374 0.0142159 -0.134914  0.990755
 0.742649  0.639831 -0.197709 0.100155 -0.37772 0.920487
 0.775263  0.621843 -0.110807 0.0270376 -0.140633  0.989693
 0.828821  0.548981 -0.108053 0.0342623 -0.152438  0.987719
 0.765326  0.584718 -0.269037  0.190718 -0.361761  0.912555
 0.890235 -0.281763  0.357898  0.394427  0.778785 -0.487771
0.879071 0.401835 0.256443  0.267634  0.788695 -0.553473
 0.495271 -0.490437  0.717062  0.289881  0.933753 -0.209941
 0.707918 -0.256702  0.657994  0.119528  0.986129 -0.115165
 0.865268 -0.422514  0.269802  0.313559  0.803326 -0.506308
  0.694165   0.719772 0.00792147   0.08171   0.98833 -0.128561
  0.605943  -0.793708 -0.0534869 0.0415755  0.991667 -0.121937
 0.965816  0.171055 -0.194779 0.0262993 0.846103 -0.53237
  0.999069  0.0358172 -0.0240428 0.0520828  0.659317 -0.750059
 0.982724  0.114326 -0.145546 0.0203344 -0.665307  0.746293
 0.988948 0.0954795 -0.113426  0.017698 -0.270527   0.96255
  0.995696  0.0554346 -0.0742674  0.012853  0.269176 -0.963005
 0.993058 0.0891896 0.0766919  0.101271  0.614346 -0.782511
  0.992976   0.111722 -0.0389488   0.03087  0.238937 -0.970544
  0.933591   0.357446 -0.0253061 0.0275208  0.192927 -0.980827
0.924953    0.353 0.140903  0.107076  0.543769 -0.832376
0.837958 0.211085 -0.50326  0.291904 -0.778175   0.55609
  0.88402  0.307866 -0.351749  0.224228 -0.823448  0.521205
 0.564605  0.681586 -0.465469 0.0469195 -0.996192 0.0734877
 0.543549   0.52669 -0.653569  0.183193 -0.966688  0.178757
0.516255 0.417339 -0.74787  0.603182 -0.600494  0.524956
 0.446805  0.296618 -0.844028  0.592298 -0.728284  0.344653
 0.294222  0.269724 -0.916887  0.940695 -0.312707  0.131555
  0.18966  0.523753 -0.830489  0.952267 -0.152975   0.26417
0.904486 0.103802 -0.41368  0.262328 -0.478366  0.838063
 0.256556  0.456101 -0.852145  0.912925 0.0353313  0.406596
 0.320655  0.263183 -0.909898 0.878816  0.24219 0.411129
  0.991223 -0.0437014   -0.12477 0.0653771 -0.181513  0.981213
  0.89355  0.232377 -0.384148  0.165075 -0.568034   0.80628
 0.973929  0.163281 -0.157485  0.052566 -0.209164  0.976467
  0.98461   0.10173 -0.142104 0.0408224 -0.247761  0.967961
 0.955863  0.153369 -0.250608 0.0816108 -0.637953  0.765738
 0.108786  0.556369 -0.823783   0.725466   0.688073 -0.0159246
0.0984069  0.525205 -0.845267  0.928112  0.360592 0.0926403
 0.218805  0.216651 -0.951413    0.976017    0.217648 -0.00452417
  0.19934  0.153059 -0.967903   0.803271    0.59203 -0.0652377
0.0256749  0.480941 -0.876377   0.553378   0.830354 -0.0654668
0.0209775 -0.119846 -0.992571   0.614778   0.784006 -0.0859215
0.00135541 0.344577 0.938757   0.158739    0.98701 -0.0247786
0.0257863  0.703362 -0.710364   0.155598   0.987619 -0.0199497
0.0253311  0.441105 -0.897098   0.461358   0.885908 -0.0481288
0.0373336  0.729199 -0.683282   0.142249   0.989723 -0.0146454
0.0199055  0.510235 -0.859804   0.131836   0.991161 -0.0147908
0.00648673   0.28272 -0.959181   0.406351   0.912481 -0.0475153
0.0199408  0.433986 -0.900699   0.608367    0.79344 -0.0185108
0.0297312 -0.200199  0.979304   0.533078   0.844912 -0.0441739
0.000355182 -0.207704  0.978192   0.725722   0.687746 -0.0182351
0.0676348  0.457361 -0.886705  0.819462  0.565349 0.0941379
0.0268162 -0.467307 -0.883689  0.447967 -0.891865 0.0624763
0.0366882 -0.725651 -0.687084  0.139421 -0.990008   0.02112
0.0156618 -0.413923 -0.910177  0.130026 -0.991337 0.0185649
0.00760885 -0.233752 -0.972266  0.392917 -0.918132 0.0514785
0.0312362 -0.470814 -0.881679  0.587303 -0.802651  0.104052
0.00732035 -0.224112 -0.974536  0.514338 -0.854673 0.0706376
0.0703814 -0.274535 -0.958998 0.701783 -0.69368 0.162198
0.0892646 -0.500953 -0.860859  0.786596 -0.560674  0.258672
 0.109146 -0.594049  -0.79699  0.710495 -0.693458  0.119633
0.0848292 -0.565053 -0.820682  0.893474 -0.363183  0.264201
 0.169869 -0.214346 -0.961873  0.955768 -0.250758  0.153714
 0.142588 -0.151955 -0.978048  0.787543 -0.612902 0.0642489
0.0316227 -0.500762 -0.865007  0.551808 -0.831714 0.0613163
0.0201314 0.0310173 -0.999316  0.604519  -0.79559 0.0399049
0.00992478  0.139038 -0.990237   0.15762 -0.987443 0.0106081
0.0291313 -0.714874 -0.698646  0.152995 -0.988083 0.0168704
 0.912324 -0.189857 -0.362795 0.263921 0.497557 0.826307
 0.303421  -0.50653 -0.807071   0.822735 0.00334925   0.568415
 0.569259 -0.377645 -0.730294  0.672427 -0.131955  0.728306
  0.999759 -0.0102727 -0.0194078 0.0727286 0.222294 0.972263
 0.900607 -0.290743 -0.323071 0.157074 0.593725 0.789188
  0.983575  -0.174178 -0.0473595 0.0388919 0.252924 0.966704
   0.99871 -0.0497165  0.0102911 0.0097708 0.276855 0.960862
 0.985489 -0.118614 -0.121421 0.0603596 0.666596 0.742971
 0.846213  -0.26055 -0.464799 0.298805 0.789433   0.5362
    0.9936 -0.0572855 -0.0973504 0.116259 0.850546  0.51289
  0.250122   0.967769 -0.0293567 0.0294627  0.997888 0.0578893
 0.713395 -0.128887 -0.688807 0.165081 0.970255 0.177071
 0.460072 -0.502221 -0.732194 0.600724 0.58018 0.55002
 0.395815  -0.32256 -0.859817 0.591625 0.706342 0.388666
  0.23289 -0.277682 -0.932017 0.921016 0.268017  0.28266
 0.146642 -0.566695 -0.810773 0.905077 0.136627 0.402701
  0.979167 0.00344229   0.203029 0.0531664 -0.681321 -0.730051
  0.997204 -0.0610764  0.0430454 0.00388855 0.687777 0.725912
  0.996169 -0.0425221    0.07642 0.00695862 -0.280329 -0.959879
  0.987952 -0.0185127   0.153652 0.0260377  -0.27161 -0.962055
  0.939833 -0.0453314   0.338613 0.0949033 -0.639102 -0.763245
  0.971631 -0.0781058   0.223233 0.0340229 -0.241107 -0.969902
 0.915115 -0.321326  0.243545 0.0234546 -0.198576 -0.979805
 0.860174 -0.277822  0.427687  0.103006 -0.567118  -0.81717
0.648984 0.470586 0.597804   0.49259 -0.805018 -0.330608
 0.793081 -0.324755  0.515322   0.29236 -0.832419 -0.470749
0.316091 0.592091 0.741292   0.297036  -0.952324 -0.0696328
  0.53042 -0.606497  0.592297   0.111461  -0.993508 -0.0227525
0.855217 0.346246 0.385639  0.287916 -0.853772 -0.433796
 0.330899 -0.942925 0.0373972  0.0578668  -0.997109 -0.0492375
  0.986227   0.143534 -0.0821808 0.00246991  -0.998926 -0.0462753
0.983493 0.123579 0.132175  0.021765 -0.870323    -0.492
 0.708923  -0.70491 0.0230156 0.00138621 -0.435445 -0.900214
 0.722427 -0.660563  0.204342 0.0581447 -0.491344 -0.869023
 0.709988 -0.695389  0.111135 0.00343242 -0.171143  -0.98524
  0.70515 -0.708011 0.0385107 0.00752139 0.168944 0.985597
   0.76286  -0.643727 -0.0605036 0.0555465 0.405108  0.91258
 0.783215 -0.621425 0.0201529 0.0102184 0.174863  0.98454
   0.83479  -0.549862 -0.0278665 0.0260544 0.173366 0.984513
 0.776604 -0.595106 -0.206722 0.161966 0.368952 0.915228
0.0176188 0.579463 0.814808  0.784479 -0.620028 0.0125629
 0.071032 -0.624091 -0.778116  0.882009 -0.466271 0.0682014
0.0724966 0.195467 0.978027  0.860911 -0.508228 -0.023153
0.167199 0.156194 0.973472  0.749657 -0.659455 -0.055978
0.177163 0.458567 0.870821   0.668634  -0.738617 -0.0858735
 0.305046 0.0681746  0.949894  0.631249 -0.767302 -0.113013
 0.42651 0.020434 0.904252   0.46908 -0.863145 -0.186934
0.704494  -0.3152 0.635875  0.385171 -0.803714 -0.453528
 0.289916 -0.559415 -0.776533   0.949281 -0.0151398   0.314065
 0.741026 -0.550338  -0.38472  0.33206 0.346393 0.877353
 0.874327 -0.471118 -0.116625 0.0635349 0.185585 0.980572
 0.893943 -0.369417 -0.253765 0.183397 0.219196 0.958289
0.287679 0.560226  0.77678  0.949437 0.0168469 -0.313507
0.889402 0.373986 0.262866  0.193464 -0.215699 -0.957103
0.872537 0.473801  0.11913 0.0677935 -0.183612 -0.980658
0.738003 0.552605 0.387271  0.338198 -0.343269 -0.876236
0.097646 0.666983 0.738646   0.994857  0.0920744 -0.0422019
0.132759 0.651254 0.747157  0.957272  0.272466 -0.096914
0.0194105 -0.199526   -0.9797   0.950233   0.311527 0.00281198
0.0107188  0.19133 0.981467     0.99629   0.0860294 -0.00218059
  0.09928 -0.666628 -0.738749   0.995004 -0.0906379  0.0418443
0.00936192 -0.191644  -0.98142   0.996387 -0.0849167 0.00125773
0.020635 0.200412 0.979494    0.950467   -0.310796 -0.00421393
 0.133797 -0.650496 -0.747632  0.957718 -0.271072 0.0964153
 0.757185  0.649247 0.0717589 0.0655984 -0.398557 -0.914795
0.772964 0.598147 0.211535  0.169097 -0.365195 -0.915445
 0.832831  0.552677 0.0306772 0.0297867 -0.171013 -0.984818
  0.780148   0.625346 -0.0176409 0.0131415  -0.17214 -0.984985
  0.702756   0.711328 -0.0121022 0.00535852 -0.429603 -0.903002
  0.701138   0.712022 -0.0378049 0.00911524 -0.167236 -0.985875
 0.702444  0.703202 -0.109909 0.00293267 0.171734 0.985139
 0.714937  0.670589 -0.197927 0.0567773 0.488405 0.870768
 0.157744 -0.473002 -0.866825   0.67182  0.737062 0.0734639
 0.699085  0.318219 -0.640325 0.386824 0.804334 0.451015
  0.423793 -0.0153253  -0.905629 0.470125 0.862786 0.185963
 0.300918 -0.067159 -0.951282 0.632398 0.766893 0.109305
0.0123931 -0.582975 -0.812396  0.784467  0.619929 -0.017286
 0.164025 -0.155102 -0.974187  0.749954  0.659365 0.0529895
0.0705168 -0.19427 -0.97841  0.860756  0.508581 0.0210755
0.0715537 0.625373 0.777038   0.881435     0.4671 -0.0699253
 0.938656 0.0729605 -0.337049 0.0941822 0.635174 0.766606
 0.85456 0.296452 -0.42643 0.102903 0.564358 0.819092
 0.908187  0.342605 -0.240453 0.0234314 0.199791 0.979558
 0.969406  0.109757 -0.219558 0.033713 0.240697 0.970015
 0.979346 0.0354745 -0.199056 0.0507705 0.675305 0.735789
 0.986872 0.0580506 -0.150708 0.0253687 0.268674 0.962897
   0.99256  0.0988176 -0.0711326 0.00431226 0.273296  0.96192
  0.992268    0.11999 -0.0317255 0.0102759 -0.676603 -0.736276
 0.865656 -0.314699 -0.389364 0.287008 0.851694 0.438455
  0.988522 -0.0762887  -0.130397 0.0174413 0.863274 0.504434
 0.982168 -0.171958 0.0760071 0.00270387  0.998859 0.0476798
  0.334148   0.941748 -0.0381578 0.0580706  0.997049 0.0502195
   0.6555  -0.45189 -0.605074 0.492858 0.804967 0.330333
 0.520957  0.625024 -0.581334  0.111749  0.993463 0.0233133
 0.318316 -0.582953 -0.747557  0.297197  0.952281 0.0695241
0.787533 0.336201 -0.51649 0.294004 0.831069 0.472108
0.905287 0.268722 0.329004  0.149248 -0.573358 -0.805597
0.976121  0.17199 0.132694 0.0640365 -0.648178 -0.758792
   0.994484    0.104818 -0.00392536 0.0113658 -0.264113 -0.964425
 0.985357  0.162997 0.0500268 0.0354473 -0.238419 -0.970515
0.922688 0.131738 0.362341 0.252521 -0.48388 -0.83791
  0.999142 -0.0380754  0.0163106 0.0671302 -0.212753 -0.974797
0.496862 0.333455 0.801209  0.726618  0.141801 -0.672249
0.291174 0.476574 0.829515   0.829083 -0.0164589  -0.558883
0.471788 0.460552  0.75187   0.59044 -0.580975 -0.560222
0.146829 0.539595 0.829022  0.902569 -0.157136 -0.400846
0.228845 0.259908 0.938125  0.918049 -0.284785 -0.275831
0.393044 0.299823 0.869266  0.586921 -0.707595 -0.393489
0.853158 0.225395 0.470445   0.29056 -0.778041 -0.556981
0.690734 0.184542 0.699164  0.162522 -0.970425 -0.178498
 0.270363 -0.962045 0.0370502  0.0295883  -0.997866 -0.0582142
  0.99144 0.0900388 0.0945501  0.118591 -0.838398    -0.532
0.028613  0.44369 0.895724  0.605373  0.789077 -0.104312
0.0884428 0.474317   0.8759  0.803889  0.534043 -0.261842
0.0682867 0.256622 0.964096  0.723927  0.669776 -0.165315
0.00722959 0.210969 0.977466   0.533526   0.842665 -0.0725618
0.0235463 0.439878 0.897749  0.460024  0.885807 -0.061018
0.00633622  0.21876 0.975758   0.406344    0.91224 -0.0519942
0.0148728  0.40078 0.916053   0.130812    0.99124 -0.0182031
0.0355157 0.710849 0.702447   0.139874   0.989963 -0.0202194
0.0291992 0.480501 0.876508 0.562095 0.824919 -0.05965
0.0287082  0.71121 0.702393   0.153284   0.988046 -0.0163855
0.010384 -0.13205 0.991189   0.157964   0.987389 -0.0104664
  0.020027 -0.0176213   0.999644   0.613338   0.788861 -0.0389305
0.100714  0.56522 0.818769  0.725892  0.677591 -0.118118
0.131085 0.145336  0.98066   0.799563   0.597475 -0.0610086
0.159134   0.2028 0.966203  0.962804  0.226525 -0.147292
0.0803327 0.537568 0.839385  0.904281  0.335943 -0.263472
0.00561561 0.128584 0.991683  0.629764 -0.776221  0.029646
 0.012625 -0.337238 -0.941335   0.156107   -0.98771 0.00769964
0.00133204 -0.123195  0.992382    0.15436  -0.987987 0.00738962
0.00672237 0.0279873 -0.999586  0.613986 -0.788686 0.0315556
0.0689124 0.0599715  0.995819  0.841508 -0.538701 0.0408166
0.0753623 -0.053791 -0.995704   0.82373 -0.563989 0.0581875
 0.0836533 -0.0617956  -0.994577  0.981754 -0.156293  0.108309
0.0976514 0.0443239  0.994233   0.99111  -0.12523 0.0449227
   0.14882 -0.0765481   0.985897 0.836633 -0.54729 0.022761
  0.20288 -0.142343  0.968802   0.985267  -0.168871 -0.0270564
 0.145594 -0.521592  0.840681  0.944722  -0.27691 -0.175558
0.151896  -0.5386 0.828757   0.775978   -0.62868 -0.0511912
0.0198092 0.0898577  0.995758  0.646978 -0.762295 0.0180605
0.0245439 -0.401691  0.915446   0.604249  -0.796723 -0.0107882
 0.019149 -0.585338  0.810563    0.160511    -0.98703 -0.00266815
0.00143464 -0.333797 -0.942644   0.162597  -0.986684 0.00400693
0.0963621 0.0657972  0.993169  0.626601  0.777589 0.0522188
0.110114 0.045961 0.992856  0.925953  0.376707 0.0265157
 0.064717 -0.064712 -0.995803  0.92246 0.357771 0.145147
0.0309718 -0.056358  -0.99793  0.630584  0.774741 0.0462632
0.119529 0.673101 0.729827   0.187553   0.979053 -0.0792353
0.0810024  0.614059 -0.785093  0.193131  0.980046 0.0470079
0.0269462   0.99182 -0.124766 0.00964443   0.999936 0.00597046
0.170441 0.475411 0.863096  0.0101082   0.999892 -0.0107017
  0.55935 -0.457015  0.691567  0.161803  0.972555 -0.167201
 0.615085 -0.664472  0.424438  0.0385564   0.997613 -0.0572825
 0.925817 -0.284261  0.249115  0.172288  0.832232 -0.526978
 0.836129 -0.159805  0.524738  0.274233  0.794337 -0.542057
  0.42639 -0.224505  0.876236  0.578079  0.742691 -0.337985
 0.427223 -0.457144  0.780064 0.600681 0.615936 -0.50971
 0.204393 -0.518367  0.830373  0.917653  0.217713 -0.332437
 0.279377 -0.193319  0.940519  0.935052   0.32246 -0.147301
 0.141532 -0.211598  0.967055 0.694653  0.69421 0.188493
 0.141062 -0.236576  0.961318 0.627909 0.764545 0.145603
0.0303846  0.911141 -0.410974  0.123897  0.991747 0.0329895
0.0342846  0.960531 -0.276053  0.100802   0.99419 0.0377503
0.0692785  0.372454 -0.925461  0.119858 -0.992094 0.0371886
0.0757015 0.294889 0.952528   0.118966   -0.99286 0.00869056
0.133772 -0.58574 0.799383   0.306955  -0.951687 0.00838747
 0.143978 -0.648723 -0.747281  0.307419 -0.948999 0.0699624
  0.67419 -0.135847 -0.725957  0.115069 -0.990996 0.0684477
 0.419203  0.451215 -0.787829  0.280154 -0.952326  0.120787
 0.784424 -0.399567 -0.474368  0.257117 -0.842489  0.473396
 0.791854  0.316063 -0.522562  0.377667 -0.826287  0.417872
  0.443956  -0.895838 -0.0194159 0.0712822 -0.993324 0.0907013
 0.886277  0.311531 -0.342726  0.300875 -0.836276  0.458385
 0.974317 -0.209287 0.0830993 0.00429087  0.857703 -0.514127
0.639449  0.76757 0.044072  0.027539 -0.995866 0.0865616
0.0653119 -0.084625  -0.99427  0.608597 -0.792705 0.0350462
 0.00197863 -0.00493445   -0.999986  0.479197 -0.877092 -0.032864
 0.0143165 -0.0749003  -0.997088  0.479038 -0.875932  0.057136
  0.0499171 -0.00187811    0.998752  0.608745 -0.792629 -0.034187
 0.0559714 -0.0738101    -0.9957  0.725688 -0.687154 0.0345813
   0.055422 -0.00869764    0.998425   0.726778  -0.685813 -0.0381404
  0.0418798 0.000148613    0.999123   0.846169  -0.532049 -0.0303587
 0.0375747 -0.0592265  -0.997537  0.845449 -0.533365 0.0271656
 0.167265  0.173944 -0.970446  0.744352 -0.665101 0.0598341
 0.075727  0.210989 -0.974551  0.857053 -0.514131 0.0336134
0.0316603 -0.668524  0.743017   0.874766  -0.484341 -0.0140592
0.0296256  0.642383 -0.765811  0.772448  -0.63457 0.0253902
 0.301664 0.0924238 -0.948924  0.630824 -0.769138  0.102412
 0.125677  0.578912 -0.805646  0.664695 -0.742858 0.0796394
  0.651158 -0.0925637  -0.753276  0.410366 -0.831837  0.373694
 0.433753 0.0271047 -0.900624  0.466262 -0.864653  0.187019
 0.0243503 -0.0743914  -0.996932    0.99437  -0.105585 0.00896124
 0.0395453 -0.0643155  -0.997146  0.943079 -0.331519 0.0264141
  0.0391843 -0.00313674    0.999227    0.94271  -0.332531 -0.0268417
 0.0191434 -0.0107233   0.999759    0.993998   -0.108995 -0.00942644
0.025475 0.074433 0.996901   0.994441   0.104818 -0.0100103
0.0170854  0.010769 -0.999796   0.994007   0.109017 0.00806992
 0.0373813 0.00331523  -0.999296  0.942826  0.332337 0.0251062
0.0405072 0.0644222    0.9971   0.943296   0.330823 -0.0273588
0.00774464  0.207486 -0.978207   0.996888   0.078803 0.00187976
0.0286342 -0.214987  0.976197   0.950059   0.311749 -0.0141441
0.0853433  0.687121 -0.721513  0.957949  0.282918 0.0478723
0.0579529  0.702344 -0.709475  0.994733 0.0994496 0.0248366
0.00859148 -0.207539  0.978189     0.99683  -0.0795249 -0.00226534
0.0588653 -0.702333  0.709411   0.994697 -0.0995444 -0.0258712
0.0857477 -0.687076  0.721508   0.957809  -0.283239 -0.0487578
0.0281037  0.214917 -0.976228  0.949867 -0.312354 0.0136787
0.0565692 0.0735887  0.995683   0.726311   0.686455 -0.0353829
0.0383206 0.0590401   0.99752  0.845799   0.53277 -0.027925
   0.040323 0.000287616   -0.999187  0.846477  0.531654 0.0286346
 0.0541183 0.00951851  -0.998489  0.727397  0.685258 0.0362791
0.0652385 0.083679 0.994355   0.609433   0.792025 -0.0358846
 0.0489688 0.00318341  -0.998795  0.609657  0.792003 0.0323933
0.0160619 0.0751269  0.997045   0.479953   0.875242 -0.0599669
0.000566117 0.00216044   0.999998 0.480017 0.876615 0.033629
 0.301037 -0.093172   0.94905  0.631537  0.768474 -0.102996
  0.432898 -0.0283756   0.900996  0.466722  0.864182 -0.188043
 0.650743 0.0917842   0.75373  0.410429  0.831399 -0.374599
 0.122634 -0.580945  0.804651   0.665601   0.742105 -0.0790905
 0.167094 -0.174141   0.97044   0.744905   0.664441 -0.0602882
 0.028463 -0.643115   0.76524    0.77301   0.633881 -0.0255194
0.0318247  0.668753 -0.742803  0.875095  0.483764 0.0134593
0.0758851 -0.210959  0.974545   0.857343   0.513612 -0.0341549
 0.069534 -0.368008  0.927219   0.120038   0.992082 -0.0369328
0.143685 0.650082 0.746156  0.307786  0.948903 -0.069643
 0.133561  0.589184 -0.796884   0.307423   0.951539 -0.0080145
0.0755828 -0.290719 -0.953818    0.119174    0.992838 -0.00837787
0.766855 0.373994 0.521596   0.178475 -0.0916626  -0.979666
0.92751 0.15769 0.33891  0.21103 0.372599 0.903679
 0.0370628 0.00442675  -0.999303 0.862445 0.122935 0.490995
 0.380697 0.0695398  0.922081 0.866924 0.464679 0.180324
 0.443818  0.895912 0.0191568  0.0716547    0.99334 -0.0902332
  0.636043  -0.770304 -0.0456181  0.0274301   0.995934 -0.0858119
 0.975511  0.203526 -0.083393 0.00277186 -0.857366    0.5147
 0.885856 -0.313905  0.341647   0.30301  0.835346 -0.458675
0.674249   0.1388 0.725344   0.115278   0.990991 -0.0681731
  0.79216 -0.315878  0.522211  0.378862  0.825728 -0.417896
0.784702 0.399187 0.474229  0.257549  0.841986 -0.474055
 0.418462 -0.452158  0.787682  0.280293  0.952294 -0.120715
 0.115572 -0.669715  -0.73357  0.185745 -0.979535  0.077531
 0.164084 -0.518975 -0.838893 0.00963368 -0.999903  0.010011
0.0275293 -0.991223  0.129301  0.00949236   -0.999937 -0.00605141
 0.079805 -0.623231  0.777955    0.19056   -0.98049 -0.0482341
0.0911226 -0.055012 -0.994319   0.627653  -0.776849 -0.0505689
0.0310722 0.0452226  0.998494  0.631569 -0.774455 -0.036602
0.0620878 0.0538702  0.996616  0.921237 -0.365663 -0.132712
  0.109057 -0.0391464  -0.993264   0.924737  -0.380249 -0.0165068
 0.418328  0.228548 -0.879072  0.577076 -0.740915  0.343551
 0.274713  0.194874 -0.941572  0.93305 -0.32481 0.154647
0.200988 0.515491 -0.83299  0.915521 -0.219033  0.337412
 0.422124  0.455871 -0.783577  0.598501 -0.614877  0.513539
 0.553137  0.460828 -0.694029  0.160714 -0.972685  0.167499
 0.831491   0.16465 -0.530578  0.273997 -0.792886  0.544295
 0.926502  0.280767 -0.250528  0.170644 -0.831842  0.528129
 0.634401  0.639142 -0.434779 0.0382134 -0.997652 0.0568344
 0.0736235 -0.0525648    -0.9959   0.844887   0.533847 -0.0342542
  0.100057 -0.0378713  -0.994261   0.992241   0.119332 -0.0348941
0.0763721 0.0517803  0.995734   0.984892   0.143539 -0.0968713
0.0679819 0.0432438  0.996749   0.830715   0.554266 -0.0519841
0.00622002 -0.126549 -0.991941    0.63281   0.773828 -0.0272418
0.00681699 -0.0293892   0.999545   0.619796   0.784188 -0.0300484
0.000813673  0.126072 -0.992021    0.154681    0.987938 -0.00725332
0.0125725  0.33951 0.940518    0.156392    0.987668 -0.00732496
 0.0199289 -0.0868442  -0.996023   0.647706   0.761727 -0.0157834
0.00124936 0.330198 0.943911     0.16289    0.986637 -0.00368829
0.0194444  0.592369 -0.805432   0.160676   0.987003 0.00283001
 0.024436  0.403836 -0.914505   0.60387  0.796996 0.0118034
 0.149306 0.0809079 -0.985475   0.837763   0.545784 -0.0165326
 0.148117  0.535427 -0.831492   0.77654  0.627545 0.0563211
 0.142056  0.518024 -0.843488 0.944254 0.273974 0.182545
0.199864 0.144569  -0.9691  0.985564  0.165564 0.0354012
0.0224645 -0.376274  0.926236   0.441072  -0.897081 -0.0264839
0.0288221 -0.609504  0.792259    0.143085   -0.989667 -0.00923346
0.0354484 -0.516158   0.85576    0.150991   -0.988506 -0.00760976
0.0281526 -0.29282 0.955753   0.501405  -0.864852 -0.0249791
 0.054089 -0.424327  0.903892  0.565049 -0.823015  -0.05802
 0.126637 -0.440091  0.888979   0.655239   -0.75259 -0.0653517
 0.156218 -0.462953  0.872508  0.846056 -0.495511 -0.196615
0.0733615 -0.422398  0.903437  0.748826 -0.644562 -0.154274
0.00321535 -0.180913  0.983494  0.507185 -0.861037 -0.037135
 0.030597 -0.201142  0.979084   0.677396  -0.730175 -0.0893264
0.00276368 -0.173432 -0.984842    0.673061   -0.739577 -0.00383153
0.010282 0.172216 0.985006   0.504728  -0.863145 -0.0151599
0.0076411 -0.195881  0.980598   0.395704  -0.918113 -0.0220841
0.00929316 -0.219958 -0.975465   0.394339  -0.918819 -0.0163766
 0.017448 -0.387757 -0.921596     0.13573   -0.990734 -0.00487705
0.0148433 -0.359157  0.933159    0.135596   -0.990728 -0.00846132
 0.883854 -0.220424  0.412571  0.322006  0.369032 -0.871853
 0.165132 -0.422794  0.891054  0.904152 -0.247512 -0.348205
  0.25095 -0.481001  0.840037   0.901545 0.00144381  -0.432682
  0.61937 -0.383225  0.685215 0.474754 0.506881  -0.7195
 0.956287 -0.181068   0.22963  0.143234   0.44962 -0.881661
 0.822916 -0.314283  0.473324  0.229704  0.649655 -0.724696
 0.937969 -0.265037  0.223537 0.100615 0.713376 -0.69352
 0.978297 -0.176774  0.108098 0.0688504  0.492617 -0.867518
 0.992398 -0.119388  0.029876 0.0467308  0.162131 -0.985662
  0.989475  -0.144699 0.00104665 0.0247225  0.174782 -0.984297
 0.984707 -0.142426 -0.100331 0.0247474 0.186644 0.982116
  0.98655 -0.125105 -0.105207 0.0310121 0.175471 0.983996
  0.997198 -0.0700435  0.0262642 0.0712613  0.146732 -0.986606
 0.988895 -0.069741 -0.131238 0.0770271 0.155051 0.984899
0.0596455 -0.170341 -0.983578   0.89732 -0.435527 0.0716418
 0.111478 -0.202488  0.972919  0.883821 -0.408082 -0.228755
  0.989724 -0.0225354  -0.141205 0.0505644 -0.496859  0.866357
  0.992259  -0.123698 -0.0110064  0.012312  0.508194 -0.861155
 0.985023 -0.166632 0.0443116 0.0239498  0.737299 -0.675141
 0.989993  -0.03305 -0.137193  0.058254 -0.736528  0.673894
 0.970283 -0.132043 -0.202768 0.0558109 -0.460147  0.886087
 0.958777 -0.124923 -0.255227 0.0858399 -0.71279 0.696105
 0.844563 -0.411894 -0.342136 0.105125 -0.67462 0.730641
 0.865625 -0.468321 -0.177114 0.0446003 -0.414368  0.909016
 0.980813 -0.116866 -0.156041 0.0189209 -0.129092  0.991452
 0.881981 -0.460431 -0.100566 0.00767251 -0.0955211   0.995398
    0.89345   -0.449093 -0.00786786 0.00337371 0.180961 0.983485
  0.994456  -0.104357 -0.0129384 0.00155878 -0.191396 -0.981512
   0.99186 -0.0159891  -0.126323 0.0216431 -0.159616  0.986942
   0.999186 -0.00810023  -0.0395099 0.00103169 0.200634 0.979666
  0.990919  -0.110549 -0.0765346 0.0158548 0.197957 0.980082
  0.992767  -0.108826 -0.0507001 0.00344912  0.175018 -0.984559
 0.65688 -0.73719 0.158304  0.103523  0.295082 -0.949847
  0.66156 -0.749729 0.0156262 0.00412203    0.3631 -0.931741
 0.706801 -0.690475  -0.15387 0.0779417 -0.619151  0.781394
 0.740721 -0.659134 -0.129906  0.112684 -0.617191  0.778703
 0.740951 -0.654329  0.151148  0.104108  0.328606 -0.938712
 0.764139 -0.212946 -0.608889  0.378299 -0.691347  0.615572
 0.523066 -0.656844    0.5431  0.627472  0.124179 -0.768673
 0.764991 -0.588346  0.261988  0.194817  0.300608 -0.933639
 0.776823 -0.628396 0.0408009 0.0154503  0.147111 -0.988999
 0.830923 -0.550129 0.0832245  0.026723  0.140381 -0.989737
  0.833256  -0.552364 -0.0240567 0.0157333 0.189101 0.981832
  0.778739  -0.626687 -0.0287881 0.0143695 0.174274 0.984592
 0.668416 -0.735334  0.111816 0.0504234 0.0938687 -0.994307
  0.670225   -0.74139 -0.0337466 0.0101948  0.16662 0.985968
  0.631202  -0.775142 -0.0271923 0.00542379 0.173097  0.98489
 0.640827 -0.765937 0.0517918 0.0219005  0.076236 -0.996849
 0.228474 -0.512793  0.827552  0.970706  -0.10283 -0.217152
 0.652823 -0.542482  0.528711  0.488141  0.198867 -0.849806
 0.390658 -0.605828  0.693079   0.84573 0.0208201 -0.533205
 0.137202 -0.562606  0.815261   0.988885 -0.0939932  -0.115203
 0.228127  0.512632 -0.827748 0.970927 0.102125 0.216499
 0.136707  0.562501 -0.815417  0.989036 0.0933439  0.114428
  0.39145  0.605614 -0.692819   0.84523 -0.022424  0.533932
 0.652546  0.542188 -0.529354  0.488845 -0.198896  0.849394
 0.511295  0.493108 -0.703863   0.65128 0.0377987  0.757895
 0.830046  0.484409 -0.276355  0.111098 -0.129695   0.98531
 0.867851  0.495523 0.0359231 0.0170711 -0.208112 -0.977956
 0.843796  0.535581 0.0340689 0.0187521 -0.242609 -0.969943
 0.512036 -0.493674  0.702926    0.65003 -0.0376883  -0.758974
 0.843232 -0.536415  -0.03491 0.0195051  0.24242 0.969975
  0.867695  -0.495738 -0.0367312 0.0176848 0.207918 0.977986
 0.830032 -0.484702  0.275883   0.11073   0.12967 -0.985355
 0.738296  0.655547 -0.158673  0.110567 -0.324055  0.939555
0.764494 0.588133 -0.26391  0.196623 -0.299865  0.933499
0.520859 0.656535 -0.54559  0.631548 -0.120828  0.765864
0.752367 0.189047 0.631035  0.390542   0.69387 -0.604997
 0.655058  0.737831 -0.162801  0.106719 -0.291887  0.950481
0.738946 0.662712 0.121537   0.10837  0.614284 -0.781608
0.706227  0.69163 0.151301 0.0772046  0.618077 -0.782317
  0.660822   0.750335 -0.0176187 0.00467851 -0.362146   0.93211
 0.667343  0.735955 -0.114124  0.0512903 -0.0930814   0.994337
   0.64002   0.766489 -0.0535688  0.0223104 -0.0756857   0.996882
 0.63041 0.775818 0.026251 0.00503885 -0.173127 -0.984887
 0.669344  0.742219 0.0330079 0.00984696 -0.166718 -0.985955
  0.776396   0.628818 -0.0423815 0.0162032 -0.146906  0.989018
 0.778401  0.627145 0.0279299 0.0138916 -0.174587 -0.984544
 0.833766  0.551635 0.0230873 0.0151214 -0.189419  -0.98178
  0.831294   0.549495 -0.0836977 0.0271055 -0.140446  0.989717
 0.97052 0.132548 0.201301 0.0561107 0.459585 -0.88636
0.866003 0.468014 0.176074 0.0444637  0.413581 -0.909381
 0.84495 0.411396 0.341779  0.105142  0.673937 -0.731269
0.959085 0.125623 0.253723   0.08619  0.712402 -0.696459
 0.990052 0.0233044  0.138759 0.0508095  0.496327 -0.866647
 0.990417 0.0345623  0.133714 0.0581753  0.736114 -0.674353
  0.984237   0.169751 -0.0496114 0.0244657 -0.73666 0.675821
  0.992036   0.125746 0.00723288 0.0123732 -0.507566  0.861524
0.992038 0.016301 0.124882 0.0219481  0.159303 -0.986986
 0.992708  0.110361 0.0484966 0.00312415 -0.174918  0.984578
 0.990824   0.11218 0.0753877  0.015794 -0.197608 -0.980154
 0.999234  0.008285 0.0382416 0.000874031 -0.200642 -0.979664
0.980957 0.117224 0.154863 0.0189997  0.128589 -0.991516
 0.994449  0.104582 0.0115902 0.00189421 0.191603 0.981471
  0.893663   0.448693 0.00633345 0.00288534 -0.181138 -0.983453
  0.88232   0.46007 0.0992277 0.00737454 0.0948883 -0.995461
 0.954495  0.186923 -0.232377   0.14156 -0.448228  0.882639
  0.97692  0.181254 -0.113026 0.0691057 -0.491655  0.868044
 0.934964  0.270213 -0.229841  0.101397 -0.712241  0.694573
 0.817866  0.319756 -0.478384  0.228494 -0.647732  0.726797
 0.889646  0.212234 -0.404334  0.313541 -0.370654  0.874247
 0.619727  0.379866 -0.686761  0.468796 -0.507145  0.723211
   0.2474  0.479099 -0.842175    0.899687 -0.00415333    0.436517
 0.162442  0.421168 -0.892317 0.903975 0.242972 0.351843
  0.997771  0.0631654 -0.0215243 0.0698843 -0.148475  0.986444
 0.110573  0.203331 -0.972846 0.884904 0.402774 0.233921
0.0637305 0.168412 0.983654   0.899539   0.430484 -0.0742494
 0.989676 0.0619725  0.129233 0.0730615 -0.152524 -0.985595
  0.991649   0.125453 -0.0299098 0.0455482 -0.162839  0.985601
0.985638 0.130734 0.106895 0.0312026 -0.172829 -0.984458
0.984158 0.146154 0.100358 0.0250979 -0.185546 -0.982315
   0.988938    0.148295 -0.00330014 0.0241625 -0.174886  0.984292
0.0521233  0.423248 -0.904513   0.56632   0.82191 0.0611998
0.0716792 0.421395 -0.90404 0.750301 0.641691 0.158996
  0.15369  0.461244 -0.873861 0.846506 0.492399 0.202411
 0.124648   0.43844 -0.890075  0.656366  0.751261 0.0692204
0.0224023  0.379171 -0.925055  0.441563  0.896824 0.0269955
0.0279117  0.293314 -0.955609  0.502035  0.864468 0.0256124
0.0357131 0.519654 -0.85363   0.151004   0.988503 0.00767778
0.0290097  0.614098 -0.788696  0.143015  0.989677 0.0093093
0.00777556   0.19984 -0.979798  0.396537  0.917736 0.0227811
0.0146278  0.361388 -0.932301   0.135437   0.990749 0.00857682
0.0175154 0.375995 0.926456   0.135598   0.990751 0.00509865
0.0111072 0.217063 0.976094  0.395422   0.91834 0.0171043
0.00191943  0.181775 -0.983338  0.508707  0.860031 0.0395419
0.00896322 -0.168252 -0.985703  0.506592  0.862025 0.0166843
0.0049925 0.171049  0.98525   0.675454   0.737387 0.00479968
0.0296279   0.20243 -0.978848 0.679308 0.727938 0.092992
0.0283872 -0.325972 -0.944953   0.502837  -0.864235 -0.0159373
0.0365274  -0.57217 -0.819321     0.15258   -0.988279 -0.00499664
0.0312568 -0.642356 -0.765768    0.143681   -0.989617 -0.00381432
0.0238877 -0.408889 -0.912272   0.436984  -0.899366 -0.0136123
 0.125007 -0.467184 -0.875279  0.656731 -0.753765 0.0233104
0.0408473 -0.430491  -0.90167   0.560399  -0.828173 0.00909691
0.0547042 -0.424507 -0.903771  0.743638  -0.66476 0.0713864
 0.146041 -0.482384   -0.8637 0.850914 -0.50957 0.127607
 0.165918 -0.528657 -0.832462   0.786795  -0.617202 0.00399797
 0.167762 -0.523557 -0.835311  0.958672 -0.267962 0.0956293
 0.259217 -0.150984 -0.953945  0.988815 -0.137193 -0.058513
   0.20199 -0.0853551  -0.975661   0.848498  -0.522223 -0.0856382
0.0254608 -0.383724 -0.923097   0.608597  -0.792706 -0.0350156
0.0270543  0.136634 -0.990252   0.656192  -0.751774 -0.0651783
0.00892457 -0.463851  0.885868  0.163724 -0.986381 -0.015743
0.0167967 -0.583365 -0.812036    0.162568   -0.986648 -0.00983295
 0.628931 -0.359481 -0.689361 0.474498 0.526091 0.705748
 0.230446 -0.491445 -0.839867   0.939032 -0.0228053   0.343072
 0.137383 -0.420286 -0.896931     0.928 -0.284504  0.240568
 0.871986 -0.201429  -0.44617 0.311029 0.384693 0.869064
 0.809048 -0.306483 -0.501507 0.234592 0.654909 0.718373
 0.940541 -0.178368 -0.289079 0.139535 0.461136 0.876289
 0.964145 -0.173806  -0.20054 0.0817155 0.500581 0.861824
 0.925427 -0.242139 -0.291467 0.118019 0.714127 0.689996
0.837158 -0.14944 -0.52615 0.288954 0.790674 0.539759
 0.910919 -0.266175 -0.315241 0.213945  0.82792 0.518436
 0.551276 -0.712562 -0.433992 0.0448965  0.996244 0.0740353
 0.552314 -0.504742 -0.663464 0.162777 0.973056 0.163299
 0.435296 -0.459685 -0.774085 0.621339 0.623403 0.474664
 0.458306 -0.244506 -0.854501 0.596382  0.73564 0.321188
 0.345438 -0.197357 -0.917455  0.941139  0.333328 0.0561182
 0.226657 -0.529079 -0.817742 0.947411 0.212575 0.239214
 0.998656 0.0129706 0.0501778 0.0365397 -0.731331 -0.681043
 0.981159 -0.143232 -0.129657 0.0445312 0.735883 0.675642
  0.987947  -0.119848 -0.0979633 0.0356351  0.52186 0.852287
 0.999349 0.0114088 0.0342373 0.0215681 -0.513104 -0.858055
  0.984422 -0.0847466   0.154051 0.0602913 -0.705068 -0.706573
  0.990591 -0.0883077   0.104557 0.0310669 -0.475035 -0.879418
 0.891834 -0.446194 0.0744497 0.0122397 -0.430986 -0.902275
 0.889862 -0.405368  0.209341 0.0575839 -0.665943 -0.743776
0.896387 0.230635 0.378547  0.389833 -0.798423 -0.458859
0.859349 -0.34433 0.378097  0.246211 -0.827222 -0.505058
0.454465 0.531546 0.714787  0.284974 -0.945531 -0.157354
0.719843  0.14882 0.677996  0.125045 -0.986337 -0.107252
0.867747 0.397997 0.297681   0.31253 -0.811018 -0.494544
  0.619978  -0.784601 0.00538387 0.0841353 -0.988532 -0.125404
  0.627961   0.776929 -0.0452353 0.0447024 -0.991691 -0.120627
  0.95828 -0.219695 -0.182849 0.00542842 -0.850234 -0.526377
  0.60926 -0.762228 -0.218655 0.147144 0.519366 0.841788
  0.653857  -0.754117 -0.0614668 0.00497933 0.609265 0.792951
  0.625572  -0.773754 -0.0998259 0.0249169 0.401197 0.915653
 0.632361 -0.753293 -0.180746 0.0864019 0.382392 0.919952
 0.684177 -0.694835   -0.2216 0.175439 0.538254  0.82432
 0.744175 -0.655022 -0.130957 0.0750949 0.429671 0.899858
 0.795259 -0.587986 -0.147769 0.0879258 0.449553 0.888916
 0.729109 -0.637413 -0.249208 0.197257 0.564075 0.801817
0.0446518 -0.756999 -0.651888  0.819507 -0.573046 0.0050995
0.0827393 -0.769802 -0.632897  0.905552 -0.421489 0.0481868
0.0518014 0.434026  0.89941   0.874525  -0.483524 -0.0375548
0.145502  0.40298 0.903569   0.773594  -0.629593 -0.0718746
0.0346842 -0.746472 -0.664513   0.735847  -0.676792 -0.0219445
0.308874 0.312716 0.898224  0.667981 -0.734832 -0.117576
0.462962 0.233938  0.85495  0.503482 -0.832814 -0.230059
 0.807778 -0.286476  0.515195  0.344437 -0.822598 -0.452432
 0.288695 -0.689801  -0.66395    0.9353 0.0942832  0.341063
 0.737443 -0.595265 -0.319119 0.250396 0.586432 0.770324
 0.768357 -0.571372 -0.288375 0.164689 0.465945 0.869352
 0.318582 -0.677926 -0.662511  0.853091 0.0593912  0.518371
0.288464 0.689821 0.664029  0.935582 -0.093448  -0.34052
0.318379  0.67778 0.662759   0.853567 -0.0587464   -0.51766
0.768852 0.571176 0.287444   0.16368 -0.466364 -0.869318
0.738062 0.595021 0.318144  0.249084 -0.586897 -0.770395
0.0846487 0.799592 0.594548   0.994568  0.0964983 -0.0390289
0.144721 0.782273 0.605891  0.973248  0.205339 -0.103078
0.0112843 -0.435312 -0.900209  0.954929  0.296605 0.0117071
0.0287569 0.425454 0.904523    0.997549   0.0696559 -0.00668589
  0.08456 -0.799573 -0.594586   0.994628 -0.0959675  0.0388112
0.0282824 -0.425452 -0.904539   0.997579 -0.0692618 0.00621596
0.0118577 0.435309 0.900203   0.955006   -0.29633 -0.0123257
 0.144677 -0.782214 -0.605978  0.973395 -0.204767  0.102824
0.682338 0.696024  0.22353  0.177442 -0.536817 -0.824829
0.729586 0.637221 0.248301  0.196202 -0.564562 -0.801732
0.795916 0.587423 0.146461 0.0868976 -0.450233 -0.888673
0.743504 0.655735   0.1312 0.0750937 -0.429794 -0.899799
0.607318 0.763183 0.220716  0.148947 -0.517399 -0.842682
0.631012 0.754164 0.181827 0.0868032 -0.381626 -0.920232
0.624638 0.774484 0.100007 0.0245589 -0.400687 -0.915886
 0.652801  0.754971 0.0622055 0.00485861 -0.608592 -0.793468
0.0373632 0.747215 0.663531  0.736211  0.676449 0.0202637
 0.807525  0.290258 -0.513472 0.343563 0.822425 0.453411
 0.462287 -0.233592  -0.85541 0.503459 0.832844 0.229999
 0.307497 -0.313297 -0.898494 0.668098 0.734815 0.117009
0.0459111 0.757342 0.651403    0.819477     0.57308 -0.00604282
 0.144649 -0.403124 -0.903641  0.773661  0.629598 0.0710973
0.0512539 -0.434014 -0.899447  0.874426   0.48376 0.0368113
0.082877  0.76989 0.632772   0.905338   0.421908 -0.0485485
 0.984204  0.085018 -0.155288 0.0609357 0.704677 0.706907
 0.889626  0.405387 -0.210304 0.0581511 0.665491 0.744137
  0.891838   0.445983 -0.0756569 0.0129109 0.430627 0.902438
 0.990411 0.0883051 -0.106243 0.0317531 0.474785 0.879529
  0.998597 -0.0125544 -0.0514344 0.0371088 0.730881 0.681496
  0.999295 -0.0113115 -0.0357932 0.0221237 0.512847 0.858195
0.987774 0.121789 0.097317 0.0352609 -0.52134 -0.85262
0.980912 0.145313 0.129211 0.0442304 -0.735227 -0.676376
 0.868295 -0.396366 -0.298259 0.312367 0.810856 0.494914
0.957865 0.221753 0.182537 0.00529792 0.849754 0.527153
 0.630483 -0.774896 0.0450387 0.0447226 0.991651  0.12095
     0.6199    0.784662 -0.00545179 0.0841559 0.988497 0.125662
 0.896517 -0.229187 -0.379118 0.390199 0.798206 0.458924
 0.720467 -0.143359 -0.678509  0.12514 0.986307 0.107415
 0.454751 -0.530171 -0.715625 0.285044 0.945506 0.157381
 0.858886  0.344841 -0.378682  0.24653 0.826924  0.50539
0.809434 0.306867 0.500648  0.232607 -0.653166 -0.720603
0.924662 0.244999 0.291505  0.117864 -0.713028 -0.691157
0.963272 0.177672 0.201346 0.0818082 -0.499269 -0.862576
0.939944  0.18165 0.288977  0.137971 -0.458425 -0.877958
0.636424  0.35205 0.686313  0.466193 -0.527362 -0.710319
0.881711 0.188295 0.432586  0.297771 -0.385324 -0.873417
0.136368 0.417994 0.898156  0.929519  0.279472 -0.240601
0.227572 0.490203 0.841375  0.939192 0.0200167 -0.342808
0.436253 0.457106 0.775073  0.619159 -0.623785 -0.477006
0.223945  0.52831 0.818985   0.94733  -0.21326 -0.238926
0.343678 0.198149 0.917945   0.941066  -0.333482 -0.0564337
0.458035 0.244086 0.854767  0.595303 -0.735738 -0.322962
0.837735  0.14915 0.525314  0.288045  -0.78955 -0.541887
0.552758 0.504546 0.663244  0.162749 -0.972903 -0.164232
0.552703 0.711234 0.434358  0.0450189  -0.996213 -0.0743839
 0.91085 0.267405 0.314399  0.214063 -0.827045 -0.519782
0.120763  0.46613 0.876436   0.657401   0.753231 -0.0216089
0.142069 0.481433 0.864892  0.852058  0.507925 -0.126529
0.0525223 0.423256 0.904487  0.746046  0.662165 -0.070384
0.0370524 0.428884 0.902599     0.56204    0.827077 -0.00746051
0.0284901 0.331543  0.94301  0.503113  0.864053 0.0170409
 0.02165 0.411282 0.911251  0.437789  0.898954 0.0149125
0.0310145 0.652536 0.757123   0.143624   0.989624 0.00404345
0.0364776 0.575955 0.816667   0.152563    0.98828 0.00522992
0.0256204 0.386085 0.922107  0.608259  0.792918 0.0360744
0.0171256 0.586174 0.810004  0.162638  0.986635 0.0100462
0.00885234  0.463176 -0.886222   0.16382  0.986361 0.0159546
0.0270914 -0.136209   0.99031  0.655925  0.751925 0.0661185
0.163651 0.528124 0.833249    0.786631    0.617417 -0.00275891
 0.201887 0.0864585  0.975585  0.848028    0.5228 0.0867697
0.257833 0.151781 0.954193  0.988728  0.137573 0.0590876
0.164729 0.522623 0.836498   0.958875   0.267459 -0.0949931
 0.0167344 -0.0699084  -0.997413   0.66963 -0.739436 -0.069494
0.00869532 -0.0637779   0.997926   0.150838   -0.98842 -0.0165359
0.0195207 -0.497072  0.867489   0.155176  -0.987722 -0.0180576
0.0221087  0.129454 -0.991339    0.65493    -0.7523 -0.0714866
0.0911122 -0.133939 -0.986792   0.896859  -0.431197 -0.0985512
  0.168355 -0.0264927   -0.98537  0.874166 -0.476599 -0.093207
  0.196937 -0.0303474  -0.979946   0.994408 -0.0436168 -0.0961799
 0.069536 -0.125784 -0.989618  0.990712 0.0194732 -0.134576
 0.100639 -0.141649 -0.984788  0.921963 -0.366433 -0.125345
0.013101  0.11438 0.993351   0.97756 0.0425844  -0.20631
0.0684312  0.183972 -0.980547   0.929344 -0.0138636  -0.368955
 0.175463  0.154948 -0.972216  0.887451 -0.381748 -0.258261
  0.020052 -0.0655577  -0.997647   0.713038  -0.695728 -0.0868286
0.0713221  0.243226 -0.967344  0.691882  -0.70966 -0.132974
  0.03041 -0.849485  0.526736   0.143343  -0.989324 -0.0262802
 0.023088 -0.133236  0.990815   0.150921  -0.988361 -0.0191203
0.0657579 -0.119276 -0.990681  0.629229  0.775332 0.0541473
 0.013011 -0.151625 -0.988352  0.876994  0.448914 -0.171341
  0.196914 -0.0238782   -0.98013    0.90422   0.423005 -0.0587625
  0.118376 -0.0747194  -0.990154    0.65528   0.749246 -0.0961177
0.0322559 0.803597 0.594299  0.189685  0.981538 0.0245518
 0.136294  0.760676 -0.634662 0.185223 0.966626 0.176993
 0.125129  -0.76725 -0.629023  0.012914  0.999673 0.0220878
 0.027955  0.996485 0.0789674  0.0512733   0.997476 -0.0491268
0.381248 0.915264 0.130159 0.0941818  0.975328 -0.199661
 0.0796541  -0.996408 -0.0287529 0.0680757  0.95542 0.287296
 0.980636  0.120446 -0.154422 0.0574107  0.682745 -0.728398
0.930537 0.229105 0.285677  0.464662  0.592757 -0.657821
0.470879 0.109497 0.875376  0.660927  0.635159 -0.399686
0.763902  0.09029 0.638985  0.671765  0.441708 -0.594665
   0.2792 -0.151148  0.948263    0.8467  0.260332 -0.464033
0.284467 0.145339 0.947605  0.872518  0.376799 -0.311022
0.978404  0.16387 0.125986 0.150917  0.77225 0.617134
  0.342942  -0.938056 -0.0494213 0.0266342   0.99468 0.0995092
  0.460339  -0.886875 -0.0392393 0.0296516 0.992808  0.11599
  0.990342 -0.0893629   0.106008 0.157182 0.760982 0.629444
 0.114318  0.289112 -0.950445   0.120064  -0.991283 -0.0542402
0.0590487 0.448125 0.892019   0.123306  -0.989278 -0.0782543
 0.130326 -0.611441  0.780484   0.32249 -0.934276 -0.152079
 0.127899 -0.764061 -0.632339  0.317957 -0.942067 -0.106833
 0.409638 -0.789373 -0.457261   0.114448  -0.993113 -0.0250613
 0.294312  0.650403 -0.700254   0.302416  -0.952799 -0.0268192
 0.804931 -0.376061 -0.458981  0.428303 -0.741501  0.516461
 0.646198  0.376339 -0.663926  0.936851 -0.342601 0.0702506
 0.199272 -0.979014 -0.042677  0.0457479  -0.998926 0.00733064
 0.827605  0.265546 -0.494526   0.61198 -0.598653  0.516813
 0.887951  0.265319 -0.375697 0.0961147 -0.684551  0.722601
  0.0841063   -0.996456 -0.00139059 0.0448293 -0.991407 -0.122889
 0.191967 -0.464169 -0.864694  0.682805 -0.728081 0.0606212
0.0189901 -0.268094 -0.963206   0.54206 -0.827917 -0.143957
0.0787018  -0.34967 -0.933561  0.551623 -0.833907 0.0176781
0.0206767 0.247746 0.968604   0.657333  -0.751439 -0.0570254
 0.174663 -0.440689 -0.880503  0.792548 -0.604999 0.0764403
0.000886183 -0.276905 -0.960897   0.766314  -0.641415 -0.0367287
0.0105914 -0.289099 -0.957241   0.870379  -0.492006 -0.0192697
 0.136867 -0.415651 -0.899167  0.888987 -0.451413 0.0769976
 0.401411 -0.427976 -0.809757  0.833026 -0.541085  0.115304
 0.245838 -0.389128 -0.887774  0.909626 -0.408003 0.0781961
  0.293106 -0.0836864   -0.95241  0.917368 -0.383314  0.107265
 0.628655 -0.246286 -0.737656  0.833751 -0.468602  0.292013
 0.530141 -0.466889 -0.707789   0.74139 -0.656823  0.137562
 0.696677 -0.283353 -0.659055  0.766372 -0.567284  0.301435
 0.770442 -0.376818 -0.514225  0.608173 -0.656464  0.446296
 0.481655 -0.253543 -0.838883  0.624385 -0.768344  0.140679
0.0242656 -0.394552 -0.918553  0.994451 -0.103365 0.0195829
 0.099488 -0.400757 -0.910767  0.959102   -0.2738 0.0718155
0.0177976 0.279338 0.960028   0.949499  -0.312889 -0.0234877
0.0274414 0.267414 0.963191   0.994077  -0.108039 -0.0117606
0.023638 0.394519 0.918584   0.994355   0.104365 -0.0191235
0.0272701 -0.267409 -0.963197 0.994018 0.108604 0.011583
0.0173025 -0.279432 -0.960009 0.949404 0.313218 0.022959
0.0995977 0.400858  0.91071  0.958954  0.274206 -0.072239
0.0265039  0.36572 0.930348   0.996207  0.0838608 -0.0232248
0.0996135  0.36696 0.924888   0.965379   0.257197 -0.0434989
 0.146944 0.0732523 -0.986429  0.959756  0.271744 0.0708746
0.0867077 0.0689975 -0.993842  0.995548 0.0912525 0.0236082
0.0336798 -0.365919 -0.930037   0.996345 -0.0815114  0.0255599
 0.0532184 -0.0695576   0.996157    0.996379  -0.0844481 -0.00984784
  0.135808 -0.0783344   0.987634   0.960412  -0.270606 -0.0661949
0.0997684 -0.366269 -0.925145  0.965565 -0.256554 0.0431768
 0.17555 0.441147 0.880098   0.792581   0.604841 -0.0773449
 0.13772 0.416038 0.898858   0.888938   0.451297 -0.0782247
0.0112536 0.289217 0.957198  0.870326  0.492133 0.0184089
0.00150339 0.276963 0.960879  0.766347  0.641418 0.0359794
0.192473 0.464253 0.864536   0.682916   0.727919 -0.0613192
0.0200095 -0.247929 -0.968572 0.657408 0.751412 0.056521
0.0791099   0.3496 0.933553     0.5516   0.833913 -0.0180722
0.0192963 0.267793 0.963283 0.542119 0.827879 0.143957
 0.53018  0.46667 0.707904   0.74159    0.6565 -0.138031
0.481637 0.253181 0.839003  0.624446  0.768225 -0.141056
0.770333 0.375333 0.515473  0.608263  0.657149 -0.445164
0.694352  0.27853 0.663548 0.767459 0.567413 -0.29841
0.403531  0.42919 0.808059  0.833208  0.540515 -0.116656
 0.63018 0.244577 0.736923  0.834558  0.466298 -0.293393
0.343906 0.108497 0.932715  0.915916  0.378008 -0.134937
0.250833 0.391441 0.885357   0.909732   0.407215 -0.0810203
 0.114139 -0.291342  0.949785  0.120115  0.991267 0.0544226
0.128062 0.763874 0.632532 0.317918 0.942058 0.107029
 0.130189  0.612117 -0.779977 0.322505 0.934235 0.152302
0.0591208 -0.446509 -0.892824  0.123375  0.989259 0.0783874
  0.996722 -0.0808178 0.00359843 0.144738 0.668867 0.729156
   0.98056   -0.19542 -0.0176842 0.0275904 0.988322 0.149862
  0.848962   0.528406 0.00709543 0.0257055 0.988903  0.14632
  0.992492   0.121427 -0.0146973 0.133774 0.686157 0.715048
 0.198492  0.979176 0.0426158   0.0466302    0.998888 -0.00688866
 0.0833479    0.99652 0.00133943 0.0395639 0.993184 0.109633
0.886461  -0.2676 0.377595 0.0996836  0.684059 -0.722583
 0.826654 -0.266649  0.495522  0.614951  0.597207 -0.514954
0.409902 0.788877 0.457879  0.114513  0.993101 0.0252558
 0.645635 -0.376563  0.664347   0.937052   0.342261 -0.0692218
0.805028 0.376148 0.458741  0.428052  0.741797 -0.516245
 0.293803 -0.651378  0.699562  0.302491  0.952771 0.0269701
0.0319563 -0.803213 -0.594834   0.189474  -0.981545 -0.0258495
  0.028755  -0.996301 -0.0809803 0.0584278 -0.996685 0.0566174
0.126186 0.762995 0.633968  0.0128994  -0.999669 -0.0222563
 0.136301 -0.761447  0.633735  0.184974 -0.966207 -0.179525
0.0663059 0.119114 0.990664   0.629012  -0.775392 -0.0557823
 0.118371 0.0749373  0.990138  0.655286 -0.749287 0.0957606
 0.196369 0.0246846  0.980219  0.904346 -0.422727 0.0588223
0.0135886 0.151559 0.988355  0.877107 -0.448615  0.171545
 0.468996 -0.109455 -0.876392  0.660993 -0.634976  0.399866
 0.283016 -0.145552 -0.948007 0.872351 -0.37652 0.311828
 0.277877  0.149926 -0.948845 0.846397 -0.26024 0.464637
  0.762655 -0.0907378  -0.640409  0.671766 -0.441328  0.594945
 0.377814 -0.917147 -0.126877 0.0926238 -0.975091  0.201539
 0.929996 -0.228999  -0.28752  0.464811 -0.592471  0.657973
0.980398 -0.12158 0.155042 0.0541313 -0.682454  0.728921
0.0779971  0.99656 0.028028 0.0648989 -0.960838 -0.269405
0.0915957 0.133883 0.986755 0.896872 0.430833 0.100016
0.0701647  0.12574 0.989579   0.990617 -0.0193783   0.135288
 0.196961 0.0308968  0.979924   0.99433 0.0439623 0.0968221
    0.169 0.0270758  0.985244  0.874087  0.476491 0.0944894
0.0168288 0.069651 0.997429  0.669849  0.739129 0.0706421
0.0221746 -0.12957 0.991322  0.655077  0.752075 0.0725153
0.0195641 0.497767 -0.86709  0.155266  0.987704 0.0182709
0.00877086 0.0649886 -0.997847  0.150911  0.988405 0.0167608
0.0201879 0.0651639   0.99767  0.713154  0.695455 0.0880496
0.0231175  0.135079 -0.990565  0.150973  0.988349 0.0193497
0.0304118  0.849395 -0.526881  0.143384  0.989312 0.0265079
 0.071405 -0.242596  0.967496 0.691982 0.709347 0.134115
0.101119  0.14166 0.984737 0.921847 0.366194 0.126888
 0.175909 -0.153928  0.972297 0.887241 0.381352 0.259564
 0.069394 -0.182713  0.980714  0.929001 0.0136846  0.369823
0.0122555 -0.114541 -0.993343   0.977339 -0.0425693   0.207354
 0.141668  0.212469 -0.966844  0.694416 -0.694767 -0.187309
0.0342378 -0.960591  0.275848    0.10074  -0.994205 -0.0375236
0.0303773 -0.911221  0.410797   0.123849   -0.99176 -0.0327675
 0.141025  0.237043 -0.961209 0.627636 -0.76497 -0.14455
 0.767034 -0.374626 -0.520879  0.179893 0.0911258  0.979456
 0.381092 -0.069748 -0.921903  0.866841 -0.465433  -0.17877
  0.0386852 -0.00492934    0.999239  0.862741 -0.123567 -0.490315
 0.927867  -0.15858 -0.337513  0.211127 -0.373417 -0.903319
 0.978172 -0.165432 -0.125743  0.150639 -0.772653 -0.616697
 0.990552 0.0870985 -0.105924  0.156852 -0.761784 -0.628556
 0.461328  0.886364 0.0391793 0.0295398 -0.992844 -0.115707
 0.343208  0.937959 0.0494081 0.0265266 -0.994704 -0.099299
  0.791956  -0.610405 -0.0145126  0.124305 -0.799413 -0.587782
 0.358399  0.930994 0.0692789  0.018586 -0.996689 -0.079161
0.0884219 -0.995966 0.0152738 0.00621146  -0.997154 -0.0751315
0.0742907 -0.993347 0.0879972 0.0727371 -0.992049   -0.1027
 0.957186  0.266792 -0.112321  0.295512 -0.298969 -0.907354
 0.977802 0.0798831 -0.193706  0.283922 -0.367054  -0.88581
0.957406 0.124994 0.260289  0.574829 0.0409007 -0.817251
0.956724 0.274672 0.096098  0.459238  0.155698 -0.874562
 0.993292  0.112554 0.0264993  0.247342 -0.253061 -0.935298
0.976127  0.13584 0.169478  0.350644  0.245735 -0.903694
  0.996063 -0.0708611  0.0532727  0.209843  0.260454 -0.942406
  0.997189 -0.0656637  0.0360936  0.191946 -0.272645 -0.942773
   0.996599   0.0823095 -0.00384767  0.144687 -0.669534 -0.728553
 0.992695 -0.119781 0.0144594  0.133754 -0.686595 -0.714631
   0.851477   -0.524347 -0.00682208 0.0256962  -0.98894 -0.146073
 0.979157  0.202312 0.0179385 0.0275549 -0.988371 -0.149543
  0.922538   0.384524 -0.0326253  0.152696 -0.705329 -0.692239
 0.551887  0.833315 0.0317509 0.0293468 -0.989457 -0.141823
 0.583273  0.811334 0.0391081 0.0299503 -0.991298 -0.128186
  0.971779   0.226882 -0.0645732   0.15511 -0.746734 -0.646784
 0.975582 0.0637743 -0.210171  0.149279 -0.320698 -0.935344
    0.99821 -0.00480917  -0.0596058  0.170952 -0.315675 -0.933341
   0.995003 -0.00545784  -0.0996972  0.163959  0.212676 -0.963269
 0.966082 0.0461028 -0.254085 0.149821 0.185633 -0.97113
 0.946456  0.065954 -0.316022  0.145286 -0.299658  -0.94292
 0.934321 0.0291305 -0.355239  0.152329  0.180867 -0.971639
 0.864662 -0.377656 -0.331263 0.0324188  0.161755 -0.986298
 0.887959 -0.360211 -0.285967 0.0892501 -0.335035 -0.937969
  0.939307   0.339425 -0.0499274  0.109158 -0.659034 -0.744149
  0.983388  -0.174392 -0.0503529 0.0859067 -0.661182 -0.745291
  0.981537   0.191035 0.00948609 0.0196048 -0.984582 -0.173824
 0.532625  0.845816 0.0301081 0.0238425 -0.986277 -0.163367
 0.974526  0.219698 -0.045082  0.118197 -0.703549 -0.700749
 0.720363  0.693018 0.0283414 0.0256709 -0.988694 -0.147733
  0.994139   0.107995 0.00488098 0.0254399 -0.989505 -0.142238
    0.99964   0.0259111 -0.00697952  0.124031 -0.715681 -0.687326
  0.85957 -0.451701 -0.238968 0.0204015 -0.559913   -0.8283
 0.831036 -0.529819 -0.169324 0.0461784 -0.446536 -0.893573
 0.820208 -0.515096 -0.248868  0.0489966 -0.0326618   0.998265
 0.837213 -0.462964 -0.291099 0.0721504 0.144699 0.986842
  0.89003 -0.415171 -0.188358 0.0154585 -0.640331 -0.767944
  0.88065  -0.42613 -0.207047 0.0271395 0.301576 0.953056
  0.926412  -0.376105 -0.0174833 0.0261258 -0.377829 -0.925507
 0.926447 -0.376262 -0.011077 0.0189203 -0.674585 -0.737954
  0.973827  -0.223445 -0.0416346 0.0234687 -0.812714  -0.58219
  0.915418  -0.400891 -0.0360106 0.0146433  -0.82732 -0.561539
  0.884136  -0.465002 -0.0455663 0.00437226 -0.986432 -0.164111
  0.997593 -0.0654212 -0.0229882 0.00709975 -0.986218 -0.165298
  0.972875  -0.227906 -0.0396681 0.0364682 -0.782667 -0.621371
  0.989608   -0.14066 -0.0298422 0.0101486 -0.986327 -0.164487
  0.767901  -0.640043 -0.0259305 0.0142642 -0.985393 -0.169699
  0.885696  -0.462854 -0.0361752 0.0588555 -0.727131 -0.683972
 0.992395 -0.103665 0.0663735 0.00648522 -0.642824 -0.765986
 0.932369 -0.330134  0.147308 0.0190036 -0.663296 -0.748116
  0.94266 -0.289067  0.166832 0.0613381  -0.36781 -0.927876
 0.991322 -0.096808 0.0889335 0.0262391 -0.321692 -0.946481
  0.989092   0.117085 -0.0893741 0.00771446  0.64561 0.763629
 0.987362  0.105127 -0.118593 0.0339448 0.327692 0.944175
  0.94316  0.289649 -0.162948 0.0591131 0.376212 0.924646
 0.932497  0.331178 -0.144118 0.0185224 0.667879  0.74404
  0.968305   0.249651 0.00775864 0.00257716 0.823616 0.567142
  0.83694   0.54678 0.0237328 0.00827969 0.827606 0.561248
 0.717367  0.695208 0.0454965 0.0020179 0.987301 0.158847
 0.876505  0.480562 0.0282667 0.000469673 0.988354 0.152171
   0.979189    -0.20284 -0.00677571 0.00241623 -0.822838 -0.568271
  0.908159  -0.417907 -0.0245141 0.000470842 -0.988415 -0.151776
  0.713173  -0.699518 -0.0453688 0.00195113  -0.98742 -0.158105
  0.836397  -0.547635 -0.0231521 0.00818433 -0.82628  -0.5632
0.890297 0.410815 0.196477 0.0146582   0.6381 0.769814
 0.930432   0.36511 0.0314823 0.0175456 0.675842 0.736838
 0.928527  0.369286 0.0382848 0.0197563 0.379998 0.924776
0.879798 0.422072 0.218659 0.0316884  -0.29792 -0.954065
0.860594 0.451751 0.235158 0.0208421 0.557198 0.830118
0.837387 0.462474 0.291377 0.0722913 -0.140391 -0.987453
0.820363  0.51652 0.245381  0.046947 0.0344754 -0.998302
0.830797 0.531757 0.164349 0.0469524 0.444949 0.894324
 0.971267   0.23476 0.0390935 0.0364906 0.781798 0.622463
 0.882239   0.46942 0.0360546 0.058869 0.726592 0.684543
0.759625 0.649816 0.026645 0.0142351  0.98539 0.169716
 0.987144   0.15694 0.0302775 0.0101166 0.986363 0.164272
 0.977027   0.20916 0.0408639 0.0234837 0.811863 0.583375
 0.999098 0.0373173 0.0202689 0.00711444 0.986256 0.165072
 0.912617  0.406538 0.0430954 0.00445479 0.986384 0.164397
 0.932268  0.360005 0.0356718 0.0146548 0.827574 0.561166
  0.946535 -0.0647853    0.31603 0.145381 0.299526 0.942947
0.887954   0.3615 0.284351 0.0897564 0.334578 0.938084
0.864682 0.378889 0.329801 0.0336051 -0.162218  0.986183
  0.934564 -0.0279743   0.354695  0.152628 -0.180888  0.971589
  0.975762 -0.0630399    0.20956 0.149394 0.320505 0.935392
  0.966333 -0.0453928   0.253257  0.150081 -0.185509  0.971114
  0.995125 0.00606431   0.098438  0.164184 -0.212375  0.963297
  0.998268 0.00545131  0.0585754 0.171066 0.315527  0.93337
 0.974867  -0.21818 0.0450638  0.11819 0.703232 0.701067
  0.999679 -0.0244202 0.00676834 0.124039 0.715369  0.68765
   0.994725   -0.102471 -0.00462693 0.0254352  0.98948 0.142418
  0.721866  -0.691455 -0.0282561 0.0256577 0.988674 0.147871
 0.939636  -0.33849 0.0500812 0.109125  0.65882 0.744344
  0.533049  -0.845551 -0.0300314 0.0238216 0.986256 0.163496
   0.982325   -0.186974 -0.00881005 0.0195837 0.984558 0.173959
0.982937 0.176877 0.050499 0.0858858 0.660921 0.745525
  0.993317  -0.111997 -0.0279086 0.247139 0.252813 0.935419
  0.997084  0.0664804 -0.0374683  0.19195 0.272499 0.942815
  0.995913  0.0716424 -0.0549975  0.209852 -0.260068  0.942511
 0.975827  -0.13539 -0.171556  0.350361 -0.245362  0.903905
 0.957215 -0.266843  0.111954 0.295228 0.298505 0.907599
  0.956607  -0.274753 -0.0970218 0.458689 -0.15539 0.874905
 0.957719 -0.125708  -0.25879   0.573578 -0.0408806    0.81813
  0.977521 -0.0804381   0.194891 0.283504 0.366341 0.886239
