1	483	0.0742383
483	1673	0.52256
1673	480	0.220768
480	1	0.872546
480	1843	0.0804486
1843	481	0.458077
481	1	0
481	2207	0.641538
2207	482	0
482	1	0.9351
482	1840	0
1840	483	0.587234
2	486	0.522638
486	1673	0.216141
483	2	0.0881969
1840	484	0
484	2	0.593673
484	2208	0
2208	485	0.463168
485	2	0.0956011
485	1841	0.394013
1841	486	0.216162
3	489	0.230646
489	1673	0.441256
486	3	0.437593
1841	487	0.314442
487	3	0.231557
487	2228	0.247801
2228	488	0.0383849
488	3	0.368422
488	1842	0.0500046
1842	489	0.378346
4	480	0.781211
489	4	0.244915
1842	490	0.06498
490	4	0.711934
490	2227	0.0279367
2227	491	0.381491
491	4	0.121417
491	1843	0.413045
5	494	0.104818
494	1674	0.459515
1674	492	0.180715
492	5	0.375218
492	1841	0.220501
485	5	0.101998
2208	493	0
493	5	0.448828
493	1844	0
1844	494	0.661197
6	497	0.295851
497	1674	0.7444
494	6	1.86477e-05
1844	495	0
495	6	0.356845
495	2209	0
2209	496	0.138018
496	6	0
496	1845	0.0789895
1845	497	0.558342
7	1603	0.134297
1603	1804	0.322197
1804	1601	0.0499737
1601	7	0.130693
1601	2090	0.0210755
2090	1451	0.276044
1451	7	0.113549
1451	2345	0.408241
2345	1602	0.167963
1602	7	0.148052
1602	2128	0.219293
2128	1603	0.329714
8	492	0.251247
1674	500	0.895499
500	8	0.247854
500	1846	0.633913
1846	501	0.0357622
501	8	0.186749
501	2228	0.0343231
487	8	0.237258
9	504	6.33917e-08
504	1675	0.923163
1675	502	0.761406
502	9	0.313076
502	1845	0.560416
496	9	0.0017684
2209	503	0
503	9	0.368178
503	1847	0
1847	504	1.29863
10	507	0.759646
507	1675	0.000168968
504	10	0.229518
1847	505	0
505	10	0.875832
505	2210	0
2210	506	1.03377
506	10	0.227587
506	1848	0.91248
1848	507	1.35442e-05
11	510	0.303245
510	1675	1.43036
507	11	0.599398
1848	508	0.747019
508	11	0.278267
508	2230	0.485685
2230	509	0.0136457
509	11	0.476077
509	1849	0.003602
1849	510	1.02777
12	1592	0.190444
1592	1803	0.607166
1803	1598	0.0249918
1598	12	0.106601
1598	2127	0.0622169
2127	1599	0.635814
1599	12	0.225642
1599	1937	0.836687
1937	1588	0.0986243
1588	12	0.111137
1588	2124	0.0649658
2124	1592	0.451764
13	514	0.22602
514	1676	0.259981
1676	512	0.00438972
512	13	0.408464
512	1848	1.67003e-05
506	13	0.225767
2210	513	0
513	13	0.492751
513	1850	0
1850	514	0.337149
14	517	0.425349
517	1676	0.0105996
514	14	0.228425
1850	515	0
515	14	0.512289
515	2211	0
2211	516	1.44422
516	14	0.229944
516	1851	1.2939
1851	517	0.0170717
15	520	0.117191
520	1676	0.175364
517	15	0.318776
1851	518	1.0798
518	15	0.104626
518	2231	0.707481
2231	519	0.528292
519	15	0.241491
519	1852	0.373573
1852	520	0.0937482
16	512	0.309808
520	16	0.123439
1852	521	0.35852
521	16	0.220319
521	2230	0.457622
508	16	0.136076
17	524	0.235168
524	1677	0.954387
1677	522	0.0373532
522	17	1.02429
522	1851	0.0264897
516	17	0.231614
2211	523	0
523	17	1.15837
523	1853	0
1853	524	1.08
18	527	0.516704
527	1677	0.0493809
524	18	0.239215
1853	525	0
525	18	0.609886
525	2212	0
2212	526	0.50293
526	18	0.243529
526	1854	0.417665
1854	527	0.0606913
19	530	0.254587
530	1677	0.781652
527	19	0.398978
1854	528	0.313035
528	19	0.250424
528	2232	0.224063
2232	529	0.0327204
529	19	0.303071
529	1855	0.0219659
1855	530	0.640948
20	522	0.837534
530	20	0.262201
1855	531	0.00931541
531	20	0.679516
531	2231	5.03047e-05
518	20	0.270215
21	534	0.253548
534	1678	0.408803
1678	532	0.0838246
532	21	0.411439
532	1854	0.0722188
526	21	0.248519
2212	533	0
533	21	0.494604
533	1856	0
1856	534	0.492152
22	537	0.4554
537	1678	0.0949994
534	22	0.258298
1856	535	0
535	22	0.542008
535	2213	0
2213	536	0.850743
536	22	0.262276
536	1857	0.745019
1857	537	0.104965
23	540	0.245515
540	1678	0.304677
537	23	0.344605
1857	538	0.602222
538	23	0.240176
538	2233	0.492061
2233	539	0.0705521
539	23	0.258416
539	1858	0.0633098
1858	540	0.21882
24	532	0.308685
540	24	0.247699
1858	541	0.0537176
541	24	0.223223
541	2232	0.0433225
528	24	0.249162
25	544	0.268646
544	1679	0.485725
1679	542	0.122896
542	25	0.831507
542	1857	0.114247
536	25	0.26556
2213	543	0
543	25	0.946176
543	1859	0
1859	544	0.572939
26	547	0.341103
547	1679	0.129657
544	26	0.271379
1859	545	0
545	26	0.41881
545	2214	0
2214	546	0.320902
546	26	0.27383
546	1860	0.246281
1860	547	0.136593
27	550	0.157806
550	1679	0.375192
547	27	0.249483
1860	548	0.159371
548	27	0.156121
548	2234	0.076245
2234	549	0.230819
549	27	0.158258
549	1861	0.303093
1861	550	0.224344
28	542	0.674423
550	28	0.220756
1861	551	0.0607882
551	28	0.547068
551	2233	0.0737137
538	28	0.230919
29	554	0.27792
554	1680	0.435618
1680	552	0.146271
552	29	0.287313
552	1860	0.142596
546	29	0.276705
2214	553	0
553	29	0.359949
553	1862	0
1862	554	0.515287
30	557	0.55017
557	1680	0.147466
554	30	0.277595
1862	555	0
555	30	0.643092
555	2215	0
2215	556	0.444725
556	30	0.276526
556	1863	0.288426
1863	557	0.117571
31	560	0.18427
560	1680	0.337497
557	31	0.408217
1863	558	0.53129
558	31	0.163931
558	2235	0.382095
2235	559	0.0355566
559	31	0.332978
559	1864	0.045755
1864	560	0.207873
32	552	0.2009
560	32	0.147131
1864	561	0.296979
561	32	0.129766
561	2234	0.231553
548	32	0.154927
33	564	0.206021
564	1681	0.0806145
1681	562	0.348385
562	33	0.199625
562	1863	0.468787
556	33	0.203727
2215	563	0
563	33	0.27649
563	1865	0
1865	564	0.158381
34	567	0.0801384
567	1681	0.350609
564	34	0.209958
1865	565	0
565	34	0.150619
565	2216	0
2216	566	0.140098
566	34	0.213226
566	1866	0.0721394
1866	567	0.351993
35	1561	0.0318975
1561	1799	0.230576
1799	1560	1.13955
1560	35	0.25601
1560	2116	0.81814
2116	1554	0.0937585
1554	35	0.0463103
1554	2339	0.124791
2339	1413	0.0596592
1413	35	0.245657
1413	2080	0.0766115
2080	1561	0.272051
36	1185	0.354934
1185	1838	0.267186
1838	1535	0.186956
1535	36	0.203289
1535	2199	0.247152
2199	1667	0
1667	36	0.416289
1667	1773	0
1773	1201	0.868481
1201	36	0.190717
1201	2196	0.810887
2196	1185	0.27193
37	574	0.217828
574	1682	0.140093
1682	572	0.470367
572	37	0.200471
572	1866	0.35232
566	37	0.216095
2216	573	0
573	37	0.253065
573	1868	0
1868	574	0.235682
38	577	0.366812
577	1682	0.188258
574	38	0.254544
1868	575	0
575	38	0.438129
575	2217	0
2217	576	0.376687
576	38	0.255737
576	1869	0.309499
1869	577	0.23821
39	580	0.0983514
580	1682	0.355614
577	39	0.241737
1869	578	0.232946
578	39	0.106462
578	2237	0.176232
2237	579	0.0432433
579	39	0.181256
579	1870	0.0254771
1870	580	0.25523
40	1563	0.446998
1563	1799	0.430099
1561	40	0.0906194
2080	1411	0.0977435
1411	40	0.420962
1411	2340	0.144522
2340	1562	0.328192
1562	40	0.120702
1562	2118	0.364193
2118	1563	0.525295
41	584	0.258654
584	1683	0.328868
1683	582	0.24452
582	41	0.336592
582	1869	0.241474
576	41	0.2572
2217	583	0
583	41	0.404359
583	1871	0
1871	584	0.395572
42	587	0.386969
587	1683	0.247458
584	42	0.259904
1871	585	0
585	42	0.455261
585	2218	0
2218	586	0.210609
586	42	0.260635
586	1872	0.153495
1872	587	0.249346
43	590	0.133435
590	1683	0.254448
587	43	0.310398
1872	588	0.0961271
588	43	0.140852
588	2238	0.0312935
2238	589	0.0968702
589	43	0.250776
589	1873	0.101872
1873	590	0.199262
44	582	0.260032
590	44	0.124706
1873	591	0.0818649
591	44	0.20458
591	2237	0.0616408
578	44	0.115298
45	594	0.261339
594	1684	0.20313
1684	592	0.251589
592	45	0.21942
592	1872	0.251159
586	45	0.261697
2218	593	0
593	45	0.284481
593	1874	0
1874	594	0.268942
46	597	0.245172
597	1684	0.251501
594	46	0.260307
1874	595	0
595	46	0.308758
595	2219	0
2219	596	0.379943
596	46	0.257878
596	1875	0.327432
1875	597	0.248611
47	600	0.153212
600	1684	0.128851
597	47	0.174502
1875	598	0.268154
598	47	0.153647
598	2239	0.165331
2239	599	0.260546
599	47	0.111119
599	1876	0.191546
1876	600	0.0571758
48	592	0.149595
600	48	0.147462
1876	601	0.179584
601	48	0.0826088
601	2238	0.226734
588	48	0.140209
49	604	0.24921
604	1685	0.440696
1685	602	0.237295
602	49	0.496591
602	1875	0.243741
596	49	0.254261
2219	603	0
603	49	0.553316
603	1877	0
1877	604	0.497421
50	607	0.314676
607	1685	0.230532
604	50	0.243593
1877	605	0
605	50	0.370466
605	2220	0
2220	606	0.321106
606	50	0.238103
606	1878	0.26531
1878	607	0.223583
51	610	0.191224
610	1685	0.373784
607	51	0.249931
1878	608	0.201145
608	51	0.18949
608	2240	0.14448
2240	609	0.0349921
609	51	0.194457
609	1879	0.0434907
1879	610	0.32051
52	602	0.42973
610	52	0.192587
1879	611	0.0509761
611	52	0.376561
611	2239	0.0465039
598	52	0.193824
53	614	0.226143
614	1686	0.597604
1686	612	0.209178
612	53	0.331714
612	1878	0.21646
606	53	0.232488
2220	613	0
613	53	0.388249
613	1880	0
1880	614	0.658807
54	617	0.671158
617	1686	0.201425
614	54	0.219218
1880	615	0
615	54	0.733984
615	2221	0
2221	616	1.20703
616	54	0.212579
616	1881	1.13077
1881	617	0.194545
55	620	0.182854
620	1686	0.522255
617	55	0.592188
1881	618	1.02778
618	55	0.182358
618	2241	0.739243
2241	619	0.00139202
619	55	0.517034
619	1882	0.00899541
1882	620	0.456169
56	612	0.266105
620	56	0.184989
1882	621	0.0195189
621	56	0.208623
621	2240	0.0275387
608	56	0.187209
57	624	0.199283
624	1687	0.173279
1687	622	0.183153
622	57	0.355171
622	1881	0.189389
616	57	0.205629
2221	623	0
623	57	0.413621
623	1883	0
1883	624	0.229678
58	627	0.174542
627	1687	0.176371
624	58	0.193123
1883	625	0
625	58	0.231536
625	2222	0
2222	626	0.231853
626	58	0.187247
626	1884	0.173894
1884	627	0.169846
59	630	0.000666439
630	1687	0.11122
627	59	0.112674
1884	628	0.111965
628	59	2.22577e-07
628	2242	0.0562044
2242	629	0.430169
629	59	0.0568386
629	1885	0.442815
1885	630	0.0556355
60	622	0.287173
630	60	0.00300614
1885	631	0.459082
631	60	0.230116
631	2241	0.639515
618	60	0.00288279
61	634	0.176576
634	1688	1.07598
1688	632	0.161865
632	61	0.353663
632	1884	0.164091
626	61	0.18165
2222	633	0
633	61	0.416703
633	1886	0
1886	634	1.16574
62	637	0.97178
637	1688	0.165811
634	62	0.172647
1886	635	0
635	62	1.0563
635	2223	0
2223	636	0.809245
636	62	0.170021
636	1887	0.732144
1887	637	0.169312
63	640	0.175869
640	1688	0.955063
637	63	0.85821
1887	638	0.633791
638	63	0.185651
638	2243	0.539826
2243	639	0.0136147
639	63	0.743249
639	1888	0.00174295
1888	640	0.662003
64	632	0.282891
640	64	2.76605e-06
1888	641	0.558671
641	64	0.220336
641	2242	0.420632
628	64	0
65	644	0.161594
644	1689	0.310244
1689	642	0.16993
642	65	0.415334
642	1887	0.171115
636	65	0.166448
2223	643	0
643	65	0.482862
643	1889	0
1889	644	0.37454
66	647	0.397411
647	1689	0.167164
644	66	0.156279
1889	645	0
645	66	0.463952
645	2224	0
2224	646	0.564872
646	66	0.150176
646	1890	0.497942
1890	647	0.164899
67	650	0.195573
650	1689	0.238238
647	67	0.321391
1890	648	0.418955
648	67	0.196303
648	2244	0.345898
2244	649	0.0116893
649	67	0.251886
649	1891	0.0164359
1891	650	0.172364
68	642	0.336473
650	68	0.196521
1891	651	0.0210957
651	68	0.264139
651	2243	0.0215822
638	68	0.194258
69	654	0.137288
654	1690	0.787794
1690	652	0.16139
652	69	0.662924
652	1890	0.162889
646	69	0.144342
2224	653	0
653	69	0.733735
653	1892	0
1892	654	0.860908
70	657	0.266292
657	1690	0.159119
654	70	0.128187
1892	655	0
655	70	0.325075
655	2225	0
2225	656	0.200461
656	70	0.116476
656	1893	0.144543
1893	657	0.152983
71	660	0.0848506
660	1690	0.697864
657	71	0.205394
1893	658	0.0893302
658	71	0.0780192
658	2245	0.0410614
2245	659	0.311502
659	71	0.156674
659	1894	0.431889
1894	660	0.487569
72	652	0.576349
660	72	0.204818
1894	661	4.15812e-07
661	72	0.492738
661	2244	0.00657256
648	72	0.199448
73	664	0.0857802
664	1691	0.561588
1691	662	0.137999
662	73	0.250525
662	1893	0.143332
656	73	0.101022
2225	663	0
663	73	0.306236
663	1895	0
1895	664	0.617921
74	667	0.359612
667	1691	0.113434
664	74	0.0543437
1895	665	0
665	74	0.397622
665	2226	0
2226	666	0.337082
666	74	0.00123659
666	1896	0.236557
1896	667	0.0483896
75	670	0.0876649
670	1691	0.497876
667	75	0.31512
1896	668	0.212639
668	75	0.0455179
668	2246	0.194741
2246	669	0.0553525
669	75	0.279811
669	1897	0.085624
1897	670	0.358322
76	662	0.195471
670	76	0.0552481
1897	671	0.434189
671	76	0.15389
671	2245	0.325374
658	76	0.0635855
77	674	0.206179
674	1692	0.301553
1692	672	0.453016
672	77	0.625695
672	1900	0.26631
1900	673	0.34098
673	77	0.111809
673	2227	0.357899
490	77	0.663299
1842	674	0.337014
78	676	0.277741
676	1692	0.408918
674	78	0.183023
488	78	0.319014
2228	675	0.197017
675	78	0.174356
675	1898	0.153335
1898	676	0.398654
79	679	0.0939811
679	1692	0.268568
676	79	0.234437
1898	677	0.101556
677	79	0.0711023
677	2248	0.0663437
2248	678	0.461348
678	79	0.203507
678	1899	0.585275
1899	679	0.193077
80	672	0.595179
679	80	0.150746
1899	680	0.280405
680	80	0.569053
680	2247	0.215271
2247	681	0.316868
681	80	0.0763154
681	1900	0.329347
81	683	0.18234
683	1693	0.69118
1693	682	0.316831
682	81	0.0910689
682	1898	0.390753
675	81	0.172764
501	81	0.133784
1846	683	0.57384
82	1606	0.156999
1606	1804	0.0775447
1603	82	0.153631
2128	1604	0.229331
1604	82	0.165643
1604	2270	0.242485
2270	1605	0.340111
1605	82	0.173799
1605	2129	0.347995
2129	1606	0.10435
83	688	0.0388583
688	1693	0.0995378
1693	685	0.834233
685	83	0.234435
685	1901	0.616746
1901	686	0.0785004
686	83	0.0374581
686	2249	0.033436
2249	687	0.567004
687	83	0.200818
687	1902	0.41396
1902	688	0.0804493
84	682	0.106429
688	84	0.056186
1902	689	0.40563
689	84	0.0662603
689	2248	0.427042
677	84	0.0611178
85	1601	0.112615
1804	1600	0.309721
1600	85	0.109265
1600	2126	0.310433
2126	1594	0.219172
1594	85	0.101421
1594	2344	0.151699
2344	1453	0.291196
1453	85	0.084641
1453	2090	0.23317
86	693	0.298891
693	1694	0.0504612
1694	691	1.16672
691	86	0.23692
691	1849	0.927637
509	86	0.369419
2230	692	0.768086
692	86	0.223555
692	1903	0.558824
1903	693	0.0442721
87	696	0.143989
696	1694	0.484773
693	87	0.248015
1903	694	0.522235
694	87	0.156933
694	2250	0.638353
2250	695	0.252637
695	87	0.199931
695	1904	0.284492
1904	696	0.549769
88	690	0.274015
690	1694	0.78182
696	88	0.0275146
1904	697	0.25539
697	88	0.250565
697	2249	0.212075
686	88	0.0472144
1901	690	0.587163
89	1598	0.105438
1803	1595	0.267993
1595	89	0.240646
1595	2126	0.321741
2126	1596	0.247835
1596	89	0.0996202
1596	1712	0.224304
1712	1597	0.88365
1597	89	0.265244
1597	2127	0.655605
90	1584	0.164837
1584	1802	0.498835
1802	1590	0.0986286
1590	90	0.177427
1590	2125	0.17456
2125	1591	0.44354
1591	90	0.188115
1591	2229	0.451191
2229	1580	0.0344018
1580	90	0.188861
1580	2122	0.0115306
2122	1584	0.668558
91	1093	0.0516156
1093	1826	0.05938
1826	1097	0.546238
1097	91	0.286145
1097	2174	0.735061
2174	1083	0.60313
1083	91	0.0533175
1083	1736	0.860447
1736	1082	0
1082	91	0.336203
1082	2175	0
2175	1093	0.116757
92	1595	0.163317
1803	1593	0.38191
1593	92	0.124734
1593	2088	0.278145
2088	1443	0.0279063
1443	92	0.146535
1443	2344	0.0336962
1594	92	0.133384
93	707	0.196519
707	1696	0.326912
1696	706	0.000299167
706	93	0.424608
706	1905	0.000204484
1905	700	0.777988
700	93	0.210805
700	2231	1.05463
531	93	0.532071
1855	707	0.517056
94	709	0.15082
709	1696	0.280878
707	94	0.106384
529	94	0.224302
2232	708	0.154935
708	94	0.102413
708	1907	0.076562
1907	709	0.21411
95	1582	0.217727
1582	1801	0.585313
1801	1579	0.429342
1579	95	0.233056
1579	2122	0.3147
1580	95	0.206942
2229	1581	0.466493
1581	95	0.245653
1581	2123	0.486356
2123	1582	0.64005
96	706	0.330922
1696	712	0.496958
712	96	0.157445
712	1908	0.372878
1908	713	0.0591036
713	96	0.27303
713	2251	0.0746067
2251	702	0.903094
702	96	0.17645
702	1905	0.721605
97	715	0.104866
715	1697	0.0748095
1697	714	0.223807
714	97	0.0794493
714	1907	0.220264
708	97	0.104198
541	97	0.156305
1858	715	0.149784
98	717	0.121419
717	1697	0.222454
715	98	0.10351
539	98	0.184576
2233	716	0.397225
716	98	0.0963381
716	1909	0.255233
1909	717	0.290669
99	1579	0.164645
1801	1577	0.533383
1577	99	0.115451
1577	2084	0.374837
2084	1427	0.0195032
1427	99	0.142148
1427	2342	1.37997e-05
2342	1578	0.282176
1578	99	0.0986974
1578	2122	0.393148
100	1102	0.0646754
1102	1826	0.551003
1093	100	0.0450088
2175	1092	0
1092	100	0.121145
1092	2136	0
2136	1114	0.124561
1114	100	0.0359589
1114	2171	0.0685184
2171	1102	0.56261
101	723	0.125072
723	1698	0.28329
1698	722	0.0255768
722	101	0.352208
722	1909	0.0311478
716	101	0.145367
551	101	0.423545
1861	723	0.379595
102	1571	0.184282
1571	1800	0.479044
1800	1569	0.169809
1569	102	0.0690836
1569	2082	0.137302
2082	1419	0.467894
1419	102	0.152098
1419	2341	0.324333
2341	1570	0.0588754
1570	102	0.0552276
1570	2120	0.103877
2120	1571	0.460621
103	1577	0.0136434
1801	1576	0.423046
1576	103	0.159098
1576	2120	0.439205
1570	103	0.0328048
2341	1429	0.289468
1429	103	0.116876
1429	2084	0.385242
104	722	0.275685
1698	728	0.258745
728	104	0.100064
728	1912	0.337634
1912	729	0.0855658
729	104	0.239499
729	2253	0.0501762
2253	718	0.338251
718	104	0.102918
718	1909	0.429843
105	1574	0.174161
1574	1800	0.112058
1571	105	0.219373
2120	1572	0.166292
1572	105	0.162128
1572	1695	0.177492
1695	1573	1.00245
1573	105	0.253136
1573	2121	0.708641
2121	1574	0.0946979
106	733	0.21363
733	1699	0.073362
1699	731	0.281485
731	106	0.10666
731	1864	0.374746
559	106	0.25468
2235	732	0.358445
732	106	0.116075
732	1913	0.464831
1913	733	0.112499
107	736	0.0892191
736	1699	0.286714
733	107	0.201321
1913	734	0.137048
734	107	0.0936652
734	2255	0.135926
2255	735	0.0367193
735	107	0.164449
735	1914	0.023726
1914	736	0.341152
108	1568	0.221706
1568	1800	0.51253
1574	108	0.200095
2121	1575	0.705841
1575	108	0.242932
1575	2252	0.889263
2252	1564	0.381767
1564	108	0.213141
1564	2118	0.428088
2118	1568	0.52899
109	1569	0.124598
1568	109	0.201246
1562	109	0.135234
2340	1421	0.163243
1421	109	0.182893
1421	2082	0.11319
110	775	0.0657484
775	1835	0.519603
1835	765	0.0274443
765	110	1.10501
765	2154	0.00888216
2154	581	0.226648
581	110	0.136335
581	2004	0.30596
2004	786	0.0898417
786	110	1.0902
786	2192	0.061046
2192	775	0.523889
111	744	0.0574778
744	1700	0.0921543
1700	741	0.353773
741	111	0.08579
741	1915	0.33998
1915	742	0.0817961
742	111	0.057525
742	2256	0.0647566
2256	743	0.103488
743	111	0.100444
743	1916	0.104434
1916	744	0.0972071
112	738	0.158487
738	1700	0.382577
744	112	0.0617751
1916	745	0.0795107
745	112	0.137098
745	2255	0.0562265
734	112	0.0600724
1913	738	0.524401
113	1566	0.27624
1566	1799	1.03055
1563	113	0.381355
1564	113	0.290335
2252	1565	0.142646
1565	113	0.406158
1565	2119	0.117437
2119	1566	0.794034
114	749	0.0915579
749	1701	0.141455
1701	747	0.329498
747	114	0.0786447
747	1870	0.238056
579	114	0.132889
2237	748	0.131488
748	114	0.0715426
748	1917	0.0957154
1917	749	0.152942
115	752	0.0690714
752	1701	0.0606757
749	115	0.0827089
1917	750	0.0655961
750	115	0.0722111
750	2257	0.0176289
2257	751	0.320708
751	115	0.034711
751	1918	0.310763
1918	752	0.018425
116	746	0.109769
746	1701	0.439299
752	116	0.0516674
1918	753	0.299447
753	116	0.108393
753	2256	0.409939
742	116	0.0454515
1915	746	0.336456
117	755	0.0579798
755	1702	0.126563
1702	754	0.0984195
754	117	0.133262
754	1917	0.129628
748	117	0.0648382
591	117	0.162708
1873	755	0.156697
118	757	0.150566
757	1702	0.0667034
755	118	0.0504957
589	118	0.178394
2238	756	0.115596
756	118	0.0411526
756	1919	0.0777028
1919	757	0.0289067
119	760	0.0760092
760	1702	0.109057
757	119	0.139739
1919	758	0.0687144
758	119	0.0509506
758	2258	0.111486
2258	759	0.12376
759	119	0.153603
759	1920	0.137263
1920	760	0.082233
120	754	0.115762
760	120	0.0715347
1920	761	0.438478
761	120	0.0908821
761	2257	0.330735
750	120	0.077921
121	1555	0.055022
1555	1798	0.780013
1798	1553	0.0497548
1553	121	0.0514724
1553	2078	0.092742
2078	1403	0.0454455
1403	121	0.094818
1403	2339	0.0505858
1554	121	0.0495645
2116	1555	0.800931
122	1553	0.0538727
1798	1552	0.755348
1552	122	0.193676
1552	2114	0.953748
2114	1546	0.0751258
1546	122	0.0609853
1546	2338	0.122602
2338	1405	0.0316703
1405	122	0.206766
1405	2078	0.04231
123	1544	0.145431
1544	1797	0.715577
1797	1550	0.00890677
1550	123	0.220346
1550	2115	0.0349503
2115	1551	0.302714
1551	123	0.107551
1551	2236	0.230921
2236	1540	0.00443497
1540	123	0.226447
1540	2112	0.0139708
2112	1544	0.541839
124	1660	0.0259645
1660	1834	0.508882
1834	1662	0.0266901
1662	124	1.15127
1662	2152	0.0185983
2152	768	0.385784
768	124	0.0211516
768	2300	0.388002
2300	1661	0.0208547
1661	124	1.13991
1661	2190	0.0267186
2190	1660	0.512502
125	771	0.120987
771	1704	0.190913
1704	770	0.030272
770	125	0.266503
770	1921	0.0158876
1921	764	0.249758
764	125	0.10167
764	2239	0.349689
611	125	0.308552
1879	771	0.275978
126	773	0.0982453
773	1704	0.275316
771	126	0.0943964
609	126	0.14481
2240	772	0.0940575
772	126	0.111806
772	1923	0.0393869
1923	773	0.213516
127	1550	0.224152
1797	1547	0.377023
1547	127	0.11459
1547	2114	0.398537
2114	1548	0.574417
1548	127	0.20701
1548	1911	0.388312
1911	1549	0.0873755
1549	127	0.0968225
1549	2115	0.0917311
128	770	0.2268
1704	776	0.392614
776	128	0.0959553
776	1924	0.32432
1924	777	0.0250858
777	128	0.226114
777	2259	0.023469
2259	766	0.307254
766	128	0.0836944
766	1921	0.227069
129	779	0.144056
779	1705	0.278752
1705	778	0.295683
778	129	0.106185
778	1923	0.218358
772	129	0.127163
621	129	0.157769
1882	779	0.396512
130	781	0.389279
781	1705	0.00525746
779	130	0.236514
619	130	0.442395
2241	780	1.27071
780	130	0.265529
780	1925	0.965688
1925	781	0.00112258
131	784	0.173594
784	1705	0.532975
781	131	0.344516
1925	782	0.94541
782	131	0.218312
782	2261	1.17659
2261	783	0.0525783
783	131	0.307328
783	1926	0.0373826
1926	784	0.382881
132	1536	0.121603
1536	1796	0.354417
1796	1542	2.31272e-06
1542	132	0.23182
1542	2113	7.16323e-06
2113	1543	0.233963
1543	132	0.0935352
1543	1867	0.299738
1867	1532	0.11649
1532	132	0.219145
1532	2110	0.149425
2110	1536	0.45334
133	1030	0.524698
1030	1838	0.120989
1185	133	0.286688
2196	842	0.748098
842	133	0.564135
842	2023	0.549943
2023	829	0.715054
829	133	0.224281
829	2160	0.508098
2160	1030	0.0480718
134	1537	0.0995959
1537	1796	0.317269
1536	134	0.0774005
2110	1530	0.152438
1530	134	0.0985856
1530	2336	0.16477
2336	1385	0.0439002
1385	134	0.106631
1385	2074	0.0321234
2074	1537	0.218266
135	1531	0.221716
1531	1795	0.368427
1795	1529	0.1319
1529	135	0.108465
1529	2072	0.180197
2072	1373	0.0902959
1373	135	0.222757
1373	2336	0.0626936
1530	135	0.101266
2110	1531	0.460909
136	1542	0.229782
1796	1539	0.69042
1539	136	0.115959
1539	2112	0.541214
1540	136	0.23035
2236	1541	0.234076
1541	136	0.0558012
1541	2113	0.234068
137	1586	0.115152
1586	1831	0.200921
1831	1435	0.140201
1435	137	0.409575
1435	2184	0.14697
2184	1437	1.1216
1437	137	0.111534
1437	1703	1.18811
1703	1585	0
1585	137	0.469812
1585	2185	0
2185	1586	0.257879
138	797	0.548114
797	1707	0.0343071
1707	795	0.803914
795	138	0.291736
795	1888	1.08222
639	138	0.629001
2243	796	0.45068
796	138	0.298585
796	1929	0.303474
1929	797	0.0363563
139	800	0.20585
800	1707	0.764257
797	139	0.470329
1929	798	0.566857
798	139	0.171008
798	2263	0.413953
2263	799	0.081637
799	139	0.422112
799	1930	0.132508
1930	800	0.968326
140	1534	0.210199
1534	1795	0.685164
1531	140	0.128113
1532	140	0.231307
1867	1533	0.0672662
1533	140	0.12682
1533	2111	0.0606564
2111	1534	0.488889
141	803	0.21947
803	1708	0.047305
1708	802	0.283147
802	141	0.139966
802	1929	0.379879
796	141	0.225462
651	141	0.197806
1891	803	0.113404
142	805	0.12972
805	1708	0.274221
803	142	0.205888
649	142	0.189309
2244	804	0.277383
804	142	0.192871
804	1931	0.173055
1931	805	0.339052
143	1512	0.0901914
1512	1793	0.481426
1793	1518	0.0664496
1518	143	0.238858
1518	2107	0.0664207
2107	1519	0.58235
1519	143	0.0853025
1519	1706	0.567727
1706	1508	0.0793639
1508	143	0.199732
1508	2104	0.0610242
2104	1512	0.450009
144	1529	0.0776938
1795	1528	0.941233
1528	144	0.228022
1528	2108	0.748612
2108	1522	0.115389
1522	144	0.0813958
1522	2335	0.161145
2335	1375	0.157864
1375	144	0.245087
1375	2072	0.117842
145	811	0.201113
811	1709	0.601095
1709	810	0.0465241
810	145	0.346477
810	1931	0.0757794
804	145	0.219628
661	145	0.410634
1894	811	0.821949
146	1504	0.127547
1504	1792	0.410421
1792	1510	0.276899
1510	146	0.211103
1510	2105	0.270949
2105	1511	0.153205
1511	146	0.170796
1511	1927	0.11014
1927	1500	0.522383
1500	146	0.189735
1500	2102	0.65631
2102	1504	0.298807
147	1518	0.276421
1793	1515	0.508885
1515	147	0.27236
1515	2106	0.529333
2106	1516	0.625343
1516	147	0.304481
1516	2260	0.531968
2260	1517	0.857838
1517	147	0.278416
1517	2107	0.60549
148	810	0.27267
1709	816	0.569333
816	148	0.125927
816	1934	0.720321
1934	817	0.0308373
817	148	0.231601
817	2264	0.0244382
2264	806	0.261341
806	148	0.121518
806	1931	0.367448
149	1513	0.335306
1513	1793	0.0764861
1512	149	0.11423
2104	1506	0.0616784
1506	149	0.315284
1506	2333	0.0408681
2333	1357	0.2178
1357	149	0.128207
1357	2068	0.308483
2068	1513	0.0751112
150	821	0.218722
821	1710	0.024518
1710	819	0.506945
819	150	0.26864
819	1897	0.690881
669	150	0.232557
2246	820	0.181411
820	150	0.126691
820	1935	0.17212
1935	821	0.0130926
151	824	0.203565
824	1710	0.504807
821	151	0.210903
1935	822	0.166994
822	151	0.0901861
822	2266	0.16278
2266	823	0.137136
823	151	0.197279
823	1936	0.189098
1936	824	0.65774
152	1515	0.269251
1513	152	0.34747
2068	1355	0.330849
1355	152	0.253621
1355	2334	0.330161
2334	1514	0.48686
1514	152	0.340941
1514	2106	0.55466
153	828	0.292099
828	1711	0.440422
1711	826	0.0359425
826	153	0.474679
826	1939	0.0779123
1939	827	0.327584
827	153	0.150345
827	2247	0.309584
680	153	0.48111
1899	828	0.584658
154	1609	0.199187
1609	1805	0.18168
1805	1608	0.327552
1608	154	0.198512
1608	2128	0.328599
1602	154	0.19199
2345	1461	0.106444
1461	154	0.193804
1461	2092	0.145773
2092	1609	0.179243
155	1614	0.174408
1614	1805	0.188359
1805	1611	0.326669
1611	155	0.227251
1611	2130	0.195614
2130	1612	0.172933
1612	155	0.0958306
1612	1985	0.176722
1985	1613	0.196317
1613	155	0.234012
1613	2131	0.322832
2131	1614	0.195745
156	826	0.472849
1711	833	0.438436
833	156	0.168053
833	1938	0.561782
1938	834	0.0462704
834	156	0.469544
834	2267	0.0160392
2267	835	0.320657
835	156	0.0145612
835	1939	0.336313
157	1611	0.219188
1609	157	0.202516
2092	1459	0.153589
1459	157	0.213609
1459	2346	0.0958824
2346	1610	0.163097
1610	157	0.125419
1610	2130	0.166193
158	1618	0.270208
1618	1806	0.320123
1806	1616	0.286275
1616	158	0.564407
1616	2134	0.216348
2134	1617	0.399017
1617	158	0.148883
1617	2347	0.390524
2347	1470	0.271171
1470	158	0.544446
1470	2094	0.458208
2094	1618	0.38105
159	1608	0.206818
1614	159	0.170468
2131	1615	0.322213
1615	159	0.216924
1615	2270	0.328647
1604	159	0.16807
160	1600	0.134437
1606	160	0.148547
2129	1607	0.353781
1607	160	0.162557
1607	1712	0.29289
1596	160	0.146577
161	845	0.0864136
845	1713	0.356606
1713	844	0.00673219
844	161	0.160263
844	1940	0.00428383
1940	838	0.261406
838	161	0.0910721
838	2249	0.355168
697	161	0.188799
1904	845	0.494949
162	847	0.148653
847	1713	0.400436
845	162	0.00952177
695	162	0.196031
2250	846	0.115687
846	162	0.0150901
846	1942	0.0909163
1942	847	0.31392
163	1253	0.287944
1253	1827	0.744148
1827	1091	0.129448
1091	163	0.458442
1091	2174	0.104798
2174	1096	1.05189
1096	163	0.272933
1096	1990	0.749283
1990	1641	0.0203665
1641	163	0.359146
1641	2138	0.0296376
2138	1253	0.497794
164	844	0.120493
1713	850	0.704489
850	164	0.13926
850	1943	0.507809
1943	851	0.0587446
851	164	0.0938128
851	2269	0.0589756
2269	840	0.333437
840	164	0.113539
840	1940	0.263686
165	853	0.00552114
853	1714	0.0504724
1714	852	0.501343
852	165	0.187051
852	1942	0.34147
846	165	0.000259633
2250	705	0.735274
705	165	0.230153
705	1906	0.547479
1906	853	0.110379
166	855	0.277667
855	1714	0.159781
853	166	0.0217051
1906	703	0.521406
703	166	0.297581
703	2251	0.711199
2251	854	0.357921
854	166	0.0125996
854	1944	0.410757
1944	855	0.191179
167	858	0.122337
858	1714	0.357756
855	167	0.229201
1944	856	0.375733
856	167	0.15506
856	2271	0.257006
2271	857	0.0184722
857	167	0.207934
857	1945	0.0125988
1945	858	0.265267
168	1620	0.262408
1620	1806	0.952125
1618	168	0.202264
2094	1468	0.434245
1468	168	0.243778
1468	2348	0.398351
2348	1619	0.0578622
1619	168	0.169047
1619	2132	0.0666866
2132	1620	0.730391
169	861	0.115173
861	1715	0.462699
1715	860	0.171034
860	169	0.197455
860	1944	0.196674
854	169	0.0999484
713	169	0.236899
1908	861	0.359834
170	1590	0.161574
1802	1587	0.47838
1587	170	0.0547619
1587	2124	0.461347
1588	170	0.147435
1937	1589	0.340768
1589	170	0.109066
1589	2125	0.435375
171	866	0.185321
866	1715	0.114335
1715	863	0.486166
863	171	0.134419
863	1946	0.38059
1946	864	0.0513437
864	171	0.217634
864	2272	0.025077
2272	865	0.299167
865	171	0.0645136
865	1947	0.271221
1947	866	0.0637211
172	860	0.18392
866	172	0.176071
1947	867	0.242467
867	172	0.124347
867	2271	0.305749
856	172	0.135301
173	1576	0.198389
1582	173	0.198409
2123	1583	0.481349
1583	173	0.240356
1583	1695	0.399099
1572	173	0.200119
174	923	0.758427
923	1825	0.150697
1825	1125	0.665161
1125	174	0.0758182
1125	2172	0.915519
2172	1277	0
1277	174	0.832965
1277	2086	0
2086	1117	0.77336
1117	174	0.00142252
1117	2173	0.550633
2173	923	0.0727165
175	874	0.225543
874	1716	0.0582383
1716	871	0.329965
871	175	0.214936
871	1948	0.435827
1948	872	0.141331
872	175	0.202028
872	2273	0.09363
2273	873	0.171231
873	175	0.231604
873	1949	0.138286
1949	874	0.0305959
176	868	0.0769899
868	1716	0.350623
874	176	0.220898
1949	875	0.379679
875	176	0.0812105
875	2272	0.307087
864	176	0.225518
1946	868	0.373042
177	877	0.128053
877	1717	0.144791
1717	876	0.174444
876	177	0.200735
876	1948	0.119954
1948	870	0.447105
870	177	0.119843
870	2253	0.35782
729	177	0.23034
1912	877	0.145369
178	879	0.132763
879	1717	0.200978
877	178	0.0965569
1912	727	0.362859
727	178	0.147261
727	2254	0.244665
2254	878	0.0858211
878	178	0.0942882
878	1950	0.0964588
1950	879	0.221392
179	882	0.235759
882	1717	0.10443
879	179	0.12672
1950	880	0.126625
880	179	0.252443
880	2274	0.143539
2274	881	0.422319
881	179	0.123378
881	1951	0.328031
1951	882	0.043306
180	876	0.20502
882	180	0.210204
1951	883	0.320961
883	180	0.148282
883	2273	0.380964
872	180	0.21687
181	885	0.0965359
885	1718	0.138391
1718	884	0.191145
884	181	0.155734
884	1950	0.230083
878	181	0.0953005
2254	737	0.218294
737	181	0.145981
737	1914	0.247619
1914	885	0.147113
182	887	0.148737
887	1718	0.507216
885	182	0.0691621
735	182	0.173766
2255	886	0.106905
886	182	0.0687776
886	1952	0.0659571
1952	887	0.301726
183	1342	0.554203
1342	1829	0.124854
1829	1382	0.414512
1382	183	0.153721
1382	2181	0.489778
2181	1395	0
1395	183	0.637991
1395	2103	0
2103	1166	1.36198
1166	183	0.157982
1166	2178	1.23882
2178	1342	0.122797
184	884	0.138319
1718	890	0.443207
890	184	0.209028
890	1953	0.345944
1953	891	0.0767788
891	184	0.19226
891	2274	0.0664737
880	184	0.25496
185	893	0.0948836
893	1719	0.114611
1719	892	0.379705
892	185	0.120949
892	1952	0.296649
886	185	0.0876705
745	185	0.123478
1916	893	0.117033
186	895	0.144638
895	1719	0.074286
893	186	0.113032
743	186	0.109158
2256	894	0.352851
894	186	0.109771
894	1954	0.219421
1954	895	0.0613578
187	898	0.0841303
898	1719	0.366031
895	187	0.143998
1954	896	0.202774
896	187	0.0791171
896	2276	0.259088
2276	897	0.0240982
897	187	0.163572
897	1955	0.017519
1955	898	0.274654
188	1659	0.213116
1659	1811	0.649737
1811	1658	0.0464779
1658	188	0.232752
1658	2141	0.0533432
2141	1652	0.744016
1652	188	0.199968
1652	1927	0.53564
1511	188	0.182637
2105	1659	0.830826
189	1434	0.548685
1434	1831	0.137981
1831	1445	0.13493
1445	189	0.144253
1445	2182	0.130253
2182	1416	0.143673
1416	189	0.519629
1416	1961	0.0669303
1961	813	0.541587
813	189	0.0672749
813	2146	0.551196
2146	1434	0.0611715
190	1447	0.126371
1447	1830	0.830632
1830	1422	0.123539
1422	190	0.398026
1422	2182	0.125811
2182	1452	0.210551
1452	190	0.122168
1452	2143	0.269244
2143	1449	0
1449	190	0.464317
1449	2183	0
2183	1447	0.915746
191	1435	0.34133
1434	191	0.580903
2146	1671	0.565292
1671	191	0.27174
1671	2304	0.7974
2304	1436	0.768647
1436	191	0.622877
1436	2184	1.04061
192	1658	0.311516
1811	1664	0.671294
1664	192	0.231406
1664	2144	0.904326
2144	1665	0.131834
1665	192	0.386987
1665	1720	0.1519
1720	1654	0.594135
1654	192	0.233872
1654	2141	0.401786
193	1418	0.73364
1418	1830	0.125506
1447	193	0.132896
2183	1446	0
1446	193	0.819391
1446	1812	0
1812	1538	1.04274
1538	193	0.138588
1538	2180	0.947049
2180	1418	0.126248
194	911	0.167273
911	1721	0.0452756
1721	909	0.210172
909	194	0.142235
909	1920	0.353428
759	194	0.170892
2258	910	0.0175092
910	194	0.171691
910	1958	0.0289618
1958	911	0.0568371
195	914	0.0523332
914	1721	0.180276
911	195	0.145368
1958	912	0.119212
912	195	0.0395063
912	2278	0.090965
2278	913	0.0138116
913	195	0.159964
913	1959	0.0217227
1959	914	0.223096
196	1417	0.564655
1417	1830	0.716348
1418	196	0.618107
2180	1348	0.814487
1348	196	0.541757
1348	1720	0.700692
1665	196	0.516863
2144	1417	0.489329
197	917	0.178784
917	1722	0.00558038
1722	916	0.133455
916	197	0.056947
916	1958	0.174883
910	197	0.164763
2258	769	0.233373
769	197	0.0489433
769	1922	0.152269
1922	917	0.00516267
198	919	0.0584996
919	1722	0.129619
917	198	0.19767
1922	767	0.148041
767	198	0.0598505
767	2259	0.209297
2259	918	0.144282
918	198	0.21451
918	1960	0.140778
1960	919	0.18482
199	818	0.254805
818	1813	1.0084
1813	812	0.0148699
812	199	0.576296
812	2145	0.00540653
2145	1668	1.01687
1668	199	0.278267
1668	2260	1.25366
2260	1527	0.0956421
1527	199	0.56677
1527	2109	0.0835624
2109	818	0.791459
200	1116	0.919289
1116	1832	0.844635
1832	1631	0.170778
1631	200	0.849717
1631	2184	0.155681
1436	200	0.86143
2304	962	0.0862493
962	200	0.787088
962	2148	0.143511
2148	1116	0.778121
201	925	0.217784
925	1723	0.534997
1723	924	0.0750543
924	201	0.220177
924	1960	0.0444502
918	201	0.247627
777	201	0.247943
1924	925	0.363445
202	1547	0.147575
1797	1545	0.314053
1545	202	0.0763479
1545	2076	0.217852
2076	1393	0.0156964
1393	202	0.165719
1393	2338	0.0242979
1546	202	0.0766074
203	930	0.118592
930	1723	0.199575
1723	927	0.48012
927	203	0.123259
927	1962	0.395425
1962	928	0.0214925
928	203	0.12827
928	2280	0.0216421
2280	929	0.194277
929	203	0.142106
929	1963	0.176201
1963	930	0.249925
204	924	0.20892
930	204	0.114629
1963	931	0.110671
931	204	0.210454
931	2279	0.0655735
2279	920	0.196496
920	204	0.0808242
920	1960	0.291322
205	498	0.546677
498	1837	0.297421
1837	1202	0.83001
1202	205	0.150551
1202	2197	0.890998
2197	1033	0
1033	205	0.620624
1033	1819	0
1819	1556	1.01457
1556	205	0.135914
1556	2194	0.866893
2194	498	0.311918
206	935	0.264084
935	1724	0.186215
1724	933	0.506499
933	206	0.134492
933	1926	0.38358
783	206	0.292262
2261	934	0.511374
934	206	0.138276
934	1964	0.623431
1964	935	0.201201
207	938	0.127127
938	1724	0.140625
935	207	0.269846
1964	936	0.599087
936	207	0.137015
936	2281	0.571326
2281	937	0.134076
937	207	0.237042
937	1965	0.132202
1965	938	0.135201
208	932	0.12534
932	1724	0.555247
938	208	0.0981199
1965	939	0.149813
939	208	0.0969919
939	2280	0.172241
928	208	0.111667
1962	932	0.402484
209	941	0.0477455
941	1725	0.0741683
1725	940	0.165016
940	209	0.263609
940	1964	0.196147
934	209	0.0464389
2261	793	0.80743
793	209	0.281446
793	1928	0.585263
1928	941	0.0885158
210	943	0.0733966
943	1725	0.133525
941	210	0.0333156
1928	791	0.569111
791	210	0.0882176
791	2262	0.575531
2262	942	0.0817701
942	210	0.0258455
942	1966	0.0540007
1966	943	0.109221
211	946	0.142183
946	1725	0.0723373
943	211	0.0675001
1966	944	0.0307064
944	211	0.124756
944	2282	0.00700063
2282	945	0.234081
945	211	0.0631682
945	1967	0.332408
1967	946	0.0533259
212	940	0.25568
946	212	0.176737
1967	947	0.133103
947	212	0.246024
947	2281	0.175696
936	212	0.177523
213	949	0.01839
949	1726	0.38921
1726	948	0.0542569
948	213	0.181545
948	1966	0.0869465
942	213	0.0193163
2262	801	0.596539
801	213	0.220331
801	1930	0.808813
1930	949	0.349044
214	951	0.384264
951	1726	0.032255
949	214	0.0617702
799	214	0.414017
2263	950	0.400211
950	214	0.0286451
950	1968	0.39187
1968	951	0.0139167
215	954	0.12254
954	1726	0.34297
951	215	0.356018
1968	952	0.386302
952	215	0.117382
952	2283	0.502551
2283	953	0.0409211
953	215	0.328057
953	1969	0.0386912
1969	954	0.229874
216	948	0.135461
954	216	0.0814304
1969	955	0.228484
955	216	0.0850678
955	2282	0.207568
944	216	0.101975
217	1520	0.571854
1520	1794	0.365376
1794	1526	1.08948
1526	217	0.321765
1526	2109	0.842956
1527	217	0.604267
1516	217	0.373871
2106	1520	0.491806
218	1521	0.205787
1521	1794	0.32485
1520	218	0.615217
1514	218	0.282203
2334	1365	0.296553
1365	218	0.571245
1365	2070	0.233396
2070	1521	0.379555
219	1523	0.206899
1523	1794	1.02523
1521	219	0.0824477
2070	1363	0.195834
1363	219	0.210478
1363	2335	0.185837
1522	219	0.0775169
2108	1523	0.750441
220	1445	0.206718
1586	220	0.117378
2185	1098	0
1098	220	0.263368
1098	2143	0
1452	220	0.119652
221	965	0.0474335
965	1728	0.346956
1728	964	0.0100895
964	221	0.180241
964	1970	0.0105455
1970	958	0.238989
958	221	0.0292331
958	2264	0.248746
817	221	0.208896
1934	965	0.293371
222	967	0.16082
967	1728	0.0114128
965	222	0
1934	815	0.537211
815	222	0.176289
815	2265	0.395251
2265	966	0.0586004
966	222	0.00657192
966	1972	0.0471816
1972	967	0.0244656
223	970	0.0705748
970	1728	0.329195
967	223	0.146727
1972	968	0.0400984
968	223	0.0819549
968	2285	0.0418498
2285	969	0.166821
969	223	0.140285
969	1973	0.156463
1973	970	0.316455
224	964	0.154169
970	224	0.0772436
1973	971	0.172483
971	224	0.130207
971	2284	0.145836
2284	960	0.300999
960	224	0.0838754
960	1970	0.230227
225	973	0.0301947
973	1729	0.230251
1729	972	0.077095
972	225	0.192298
972	1972	0.0610146
966	225	0.0250331
2265	825	0.500309
825	225	0.202555
825	1936	0.714761
1936	973	0.190079
226	975	0.227291
975	1729	0.0705859
973	226	0.0451922
823	226	0.231474
2266	974	0.158229
974	226	0.0190228
974	1974	0.158285
1974	975	0.0350711
227	978	0.143794
978	1729	0.223047
975	227	0.225323
1974	976	0.158621
976	227	0.0754189
976	2286	0.15797
2286	977	0.119805
977	227	0.222115
977	1975	0.22568
1975	978	0.216062
228	972	0.183973
978	228	0.153767
1975	979	0.245638
979	228	0.179842
979	2285	0.223237
968	228	0.130947
229	982	0.551797
982	1730	0.317525
1730	980	0.528341
980	229	0.498698
980	1978	0.267698
1978	981	0.343084
981	229	0.296832
981	2267	0.35068
834	229	0.512724
1938	982	0.264861
230	984	0.11619
984	1730	0.501772
982	230	0.475993
1938	832	0.393741
832	230	0.117414
832	2268	0.305399
2268	983	0.0129933
983	230	0.389892
983	1976	0.0166768
1976	984	0.421752
231	987	0.605539
987	1730	0.305331
984	231	0.114199
1976	985	0.0170965
985	231	0.521556
985	2288	0.0192406
2288	986	0.394456
986	231	0.112523
986	1977	0.473795
1977	987	0.292209
232	980	0.485024
987	232	0.604752
1977	988	0.479346
988	232	0.469336
988	2287	0.236734
2287	989	0.326112
989	232	0.308917
989	1978	0.335876
233	991	0.262689
991	1731	0.0466688
1731	990	0.278473
990	233	0.0380362
990	1976	0.35483
983	233	0.33328
2268	843	0.289407
843	233	0.0231416
843	1941	0.26022
1941	991	0.0301321
234	993	0.0973522
993	1731	0.209612
991	234	0.194028
1941	841	0.225612
841	234	0.104476
841	2269	0.292733
2269	992	0.113387
992	234	0.153506
992	1979	0.110341
1979	993	0.1704
235	996	0.246388
996	1731	0.0628632
993	235	0.0915526
1979	994	0.0766182
994	235	0.194329
994	2289	0.0385362
2289	995	0.279462
995	235	0.0842842
995	1980	0.367202
1980	996	0.0646228
236	990	0.0505538
996	236	0.333749
1980	997	0.179028
997	236	0.0647605
997	2288	0.306502
985	236	0.425504
237	999	0.145306
999	1732	0.638953
1732	998	0.118764
998	237	0.0644665
998	1979	0.163907
992	237	0.167646
851	237	0.0803841
1943	999	0.500692
238	1616	0.51767
1806	1623	1.01726
1623	238	0.367571
1623	2133	0.810099
2133	1624	0.0313677
1624	238	0.538596
1624	1734	0.0208634
1734	1625	0.427854
1625	238	0.181941
1625	2134	0.410797
239	1004	0.154851
1004	1732	0.220038
1732	1001	0.54609
1001	239	0.210232
1001	1981	0.368216
1981	1002	0.104353
1002	239	0.152063
1002	2290	0.135962
2290	1003	0.0716159
1003	239	0.210046
1003	1982	0.0683613
1982	1004	0.183611
240	998	0.072116
1004	240	0.135134
1982	1005	0.274933
1005	240	0.0542939
1005	2289	0.250169
994	240	0.164881
241	1627	0.105875
1627	1807	0.0631829
1807	1626	0.54225
1626	241	0.0802137
1626	2132	0.616273
1619	241	0.132954
2348	1479	0.343882
1479	241	0.0731295
1479	2097	0.303441
2097	1627	0.0464116
242	1009	0.143481
1009	1733	0.0972758
1733	1007	0.368856
1007	242	0.102647
1007	1945	0.274276
857	242	0.165728
2271	1008	0.531974
1008	242	0.120228
1008	1983	0.395854
1983	1009	0.081817
243	1012	0.142545
1012	1733	0.124422
1009	243	0.150582
1983	1010	0.391674
1010	243	0.132147
1010	2291	0.517099
2291	1011	0.00404596
1011	243	0.147119
1011	1984	0.0131786
1984	1012	0.123678
244	1006	0.143755
1006	1733	0.390788
1012	244	0.108994
1984	1013	0.0229074
1013	244	0.130909
1013	2290	0.0397485
1002	244	0.117016
1981	1006	0.31288
245	1152	0.295486
1152	1827	0.12504
1253	245	0.180097
2138	1639	0.51108
1639	245	0.210335
1639	2275	0.392617
2275	1245	0.0838665
1245	245	0.197177
1245	2176	0.156883
2176	1152	0.125661
246	1091	0.605093
1827	1146	0.882453
1146	246	0.194603
1146	2177	0.9837
2177	1474	0
1474	246	0.700514
1474	1736	0
1083	246	0.199493
247	1165	0.741063
1165	1828	0.126455
1828	1327	0.888393
1327	247	0.401685
1327	2140	0.59223
2140	1647	0.0400802
1647	247	0.608697
1647	1956	0.0694012
1956	1167	0.915422
1167	247	0.424411
1167	2178	1.06244
2178	1165	0.125813
248	1635	0.171254
1635	1808	0.573483
1808	1634	0.0937807
1634	248	0.188432
1634	2135	0.120337
2135	1628	0.241264
1628	248	0.154099
1628	1933	0.250358
1933	1487	0.324372
1487	248	0.146612
1487	2099	0.280482
2099	1635	0.71706
249	1629	0.24079
1629	1807	0.524257
1627	249	0.0991086
2097	1477	0.291256
1477	249	0.226907
1477	1933	0.306918
1628	249	0.0942472
2135	1629	0.778966
250	1025	0.125964
1025	1735	0.0117337
1735	1023	0.19291
1023	250	0.0897056
1023	1949	0.27287
873	250	0.136499
2273	1024	0.355123
1024	250	0.126045
1024	1987	0.289914
1987	1025	0.0556577
251	1028	0.0597446
1028	1735	0.187053
1025	251	0.107034
1987	1026	0.312314
1026	251	0.103626
1026	2293	0.33812
2293	1027	0.111057
1027	251	0.08755
1027	1988	0.0481683
1988	1028	0.221081
252	1327	0.235874
1828	1481	0.130181
1481	252	0.322705
1481	2176	0.128929
1245	252	0.217129
2275	1649	0.397346
1649	252	0.234028
1649	2140	0.548388
253	1634	0.208716
1808	1640	0.605097
1640	253	0.203346
1640	2138	0.82886
1641	253	0.268843
1990	1630	0.673353
1630	253	0.193733
1630	2135	0.825198
254	1345	0.47052
1345	1829	0.319564
1342	254	0.444729
1167	254	0.44488
1956	1657	0.0913941
1657	254	0.352098
1657	2142	0.109962
2142	1345	0.233567
255	1336	0.171318
1336	1828	1.04742
1165	255	0.888466
1166	255	0.165337
2103	1337	0
1337	255	0.995228
1337	2179	0
2179	1336	1.16086
256	1481	0.416821
1336	256	0.178593
2179	1343	0
1343	256	0.493219
1343	2137	0
2137	1148	0.3046
1148	256	0.182279
1148	2176	0.236043
257	1039	0.126623
1039	1737	0.380288
1737	1038	0.0764979
1038	257	0.200442
1038	1989	0.0456894
1989	1032	0.345639
1032	257	0.110198
1032	2274	0.430647
891	257	0.179977
1953	1039	0.300944
258	1656	0.131587
1656	1810	0.0890846
1810	1653	0.385542
1653	258	0.201932
1653	2141	0.501032
1654	258	0.134009
1720	1655	0.137235
1655	258	0.272011
1655	2142	0.123339
2142	1656	0.162172
259	1044	0.168799
1044	1737	0.163304
1737	1041	0.30542
1041	259	0.11073
1041	1991	0.263396
1991	1042	0.107537
1042	259	0.232086
1042	2295	0.218204
2295	1043	0.539438
1043	259	0.181637
1043	1992	0.531049
1992	1044	0.25739
260	1038	0.261598
1044	260	0.160419
1992	1045	0.400169
1045	260	0.313978
1045	2294	0.218501
2294	1034	0.436131
1034	260	0.086046
1034	1989	0.382116
261	1650	0.205983
1650	1810	0.380326
1656	261	0.126306
1657	261	0.271177
1956	1646	0.779749
1646	261	0.117262
1646	2139	0.533814
2139	1650	0.504602
262	1049	0.25253
1049	1738	0.0740048
1738	1047	0.379212
1047	262	0.0783024
1047	1955	0.275663
897	262	0.20428
2276	1048	0.126187
1048	262	0.0767493
1048	1993	0.205289
1993	1049	0.0988148
263	1052	0.214386
1052	1738	0.191433
1049	263	0.322395
1993	1050	0.252362
1050	263	0.20462
1050	2296	0.301709
2296	1051	0
1051	263	0.374033
1051	1994	0
1994	1052	0.297449
264	1046	0.139809
1046	1738	0.326356
1052	264	0.185192
1994	1053	0
1053	264	0.230141
1053	2295	0
1042	264	0.202268
1991	1046	0.254967
265	1055	0.041611
1055	1739	0.0994958
1739	1054	0.112837
1054	265	0.128528
1054	1993	0.10627
1048	265	0.043971
2276	907	0.189456
907	265	0.0739422
907	1957	0.140807
1957	1055	0.0426286
266	1057	0.0987177
1057	1739	0.118518
1055	266	0.0379825
1957	905	0.138027
905	266	0.0430362
905	2277	0.132168
2277	1056	0.0455095
1056	266	0.0333118
1056	1995	0.101391
1995	1057	0.123818
267	1060	0.200408
1060	1739	0.151295
1057	267	0.149166
1995	1058	0.15169
1058	267	0.199038
1058	2297	0.202513
2297	1059	0
1059	267	0.200168
1059	1996	0
1996	1060	0.203327
268	1054	0.17934
1060	268	0.201709
1996	1061	0
1061	268	0.231083
1061	2296	0
1050	268	0.203178
269	1063	0.0210011
1063	1740	0.185553
1740	1062	0.133828
1062	269	0.117001
1062	1995	0.12883
1056	269	0.0277089
2277	915	0.121787
915	269	0.0596164
915	1959	0.156295
1959	1063	0.10773
270	1065	0.231673
1065	1740	0.138526
1063	270	0.0423475
913	270	0.194517
2278	1064	0.100001
1064	270	0.0384321
1064	1997	0.149023
1997	1065	0.112794
271	1068	0.192615
1068	1740	0.229045
1065	271	0.307168
1997	1066	0.038705
1066	271	0.18949
1066	2298	0.0981319
2298	1067	0
1067	271	0.352007
1067	1998	0
1998	1068	0.274254
272	1062	0.165282
1068	272	0.195174
1998	1069	0
1069	272	0.214451
1069	2297	0
1058	272	0.197326
273	1422	0.31763
1417	273	0.462731
2144	1663	0.696372
1663	273	0.259802
1663	1961	0.531992
1416	273	0.490434
274	957	0.161206
957	1813	0.532181
1813	808	0.566009
808	274	0.216656
808	2147	0.415593
2147	807	0.153484
807	274	0.156285
807	2010	0.310505
2010	959	0.241239
959	274	0.289381
959	2148	0.194834
2148	957	0.716312
275	1076	0.185052
1076	1741	0.0454641
1741	1073	0.208242
1073	275	0.107711
1073	1999	0.270899
1999	1074	0.153711
1074	275	0.19773
1074	2299	0.275032
2299	1075	0
1075	275	0.18126
1075	2000	0
2000	1076	0.108777
276	1070	0.106848
1070	1741	0.200401
1076	276	0.178499
2000	1077	0
1077	276	0.160582
1077	2298	0
1066	276	0.176277
1997	1070	0.257686
277	1079	0.223491
1079	1742	0.264722
1742	1078	0.0817036
1078	277	0.232944
1078	1999	0.0682279
1999	1072	0.349134
1072	277	0.202306
1072	2279	0.20882
931	277	0.213808
1963	1079	0.275318
278	1081	0.182449
1081	1742	0.63881
1079	278	0.198416
929	278	0.161463
2280	1080	0.0244901
1080	278	0.197484
1080	2001	0.0224028
2001	1081	0.463532
279	569	0.0555618
569	1816	0.0798014
1816	571	0.166439
571	279	0.0801724
571	2115	0.23856
1549	279	0.064245
1911	570	0.36026
570	279	0.104804
570	2153	0.43384
2153	569	0.104095
280	1078	0.236489
1742	1084	0.745155
1084	280	0.197234
1084	2002	0.635011
2002	1085	0.285677
1085	280	0.312744
1085	2299	0.427667
1074	280	0.299901
281	1087	0.112512
1087	1743	0.059143
1743	1086	0.453174
1086	281	0.0394892
1086	2001	0.464485
1080	281	0.162547
939	281	0.0696948
1965	1087	0.0969869
282	1089	0.177238
1089	1743	0.427052
1087	282	0.0590745
937	282	0.205854
2281	1088	0.542493
1088	282	0.0236056
1088	2003	0.410826
2003	1089	0.532983
283	1642	1.17322
1642	1833	0.105971
1833	1636	0.191661
1636	283	0.045084
1636	2186	0.243336
2186	1633	0.752876
1633	283	1.14614
1633	2010	0.528223
2010	787	0.290427
787	283	0.135473
787	2150	0.283795
2150	1642	0.168328
284	740	0.0894275
740	1816	0.163405
569	284	0.0784352
2153	568	0.0792309
568	284	0.117584
568	2004	0.102749
581	284	0.0796337
2154	740	0.227578
285	1095	0.0820325
1095	1744	0.220745
1744	1094	0.0250531
1094	285	0.183884
1094	2003	0.0632107
1088	285	0.11541
947	285	0.198417
1967	1095	0.27777
286	1638	0.105611
1638	1832	0.917639
1832	1622	0.18887
1622	286	0.569949
1622	2186	0.208055
2186	1621	0.964341
1621	286	0.103554
1621	1815	1.09707
1815	1632	0
1632	286	0.644332
1632	2187	0
2187	1638	0.98089
287	1636	0.0262665
1833	1672	0.423526
1672	287	0.0648437
1672	2189	0.376393
2189	1669	0.447037
1669	287	0.00701767
1669	1815	0.339404
1621	287	0.107293
288	1094	0.15255
1744	1100	0.230772
1100	288	0.141016
1100	2006	0.348619
2006	1101	0.0326474
1101	288	0.146475
1101	2301	0.076155
2301	1090	0.659712
1090	288	0.198576
1090	2003	0.892723
289	1631	0.922615
1638	289	0.10662
2187	1637	0
1637	289	0.983537
1637	1703	0
1437	289	0.107565
290	1105	0.274864
1105	1745	0.0294803
1745	1103	0.322624
1103	290	0.141719
1103	1969	0.425022
953	290	0.295091
2283	1104	0.20937
1104	290	0.163331
1104	2007	0.183555
2007	1105	0.029782
291	1108	0.113074
1108	1745	0.325002
1105	291	0.248287
2007	1106	0.372652
1106	291	0.0889598
1106	2303	0.285635
2303	1107	0.0177503
1107	291	0.229942
1107	2008	0.0370986
2008	1108	0.428849
292	1535	0.213039
1838	1501	0.262989
1501	292	0.334793
1501	2198	0.257094
2198	1502	0.691064
1502	292	0.223904
1502	1822	0.756763
1822	1524	0
1524	292	0.395318
1524	2199	0
293	1111	0.079829
1111	1746	0.00197757
1746	1110	0.189497
1110	293	0.0638382
1110	2007	0.225323
1104	293	0.0818253
2283	963	0.348747
963	293	0.101135
963	1971	0.265133
1971	1111	0.0296722
294	1113	0.0362578
1113	1746	0.208473
1111	294	0.0788549
1971	961	0.288458
961	294	0.0758687
961	2284	0.370035
2284	1112	0.0536893
1112	294	0.0716378
1112	2009	0.0310462
2009	1113	0.212986
295	812	0.629638
957	295	0.297444
962	295	0.691365
2304	1670	1.41904
1670	295	0.316095
1670	2145	1.05182
296	1503	0.176035
1503	1833	0.603431
1642	296	1.1699
2150	794	0.284496
794	296	0.226044
794	2005	0.216088
2005	1651	0.00139174
1651	296	1.18472
1651	2188	0.0144429
2188	1503	0.480212
297	1119	0.0818326
1119	1747	0.236163
1747	1118	0.347427
1118	297	0.104886
1118	2009	0.230458
1112	297	0.0821447
971	297	0.133475
1973	1119	0.307313
298	1121	0.143366
1121	1747	0.0252295
1119	298	0.134914
969	298	0.141654
2285	1120	0.0514298
1120	298	0.150337
1120	2011	0.0621882
2011	1121	0.0520698
299	1124	0.141551
1124	1747	0.541611
1121	299	0.134894
2011	1122	0.0688533
1122	299	0.145285
1122	2305	0.0815379
2305	1123	0.0304418
1123	299	0.136471
1123	2012	0.0150521
2012	1124	0.405386
300	790	0.110622
790	1814	0.11
1814	809	0.591619
809	300	0.131051
809	2111	0.468211
1533	300	0.106714
1867	792	0.325403
792	300	0.10673
792	2149	0.21556
2149	790	0.0786177
301	1127	0.230967
1127	1748	0.201919
1748	1126	0.13087
1126	301	0.179974
1126	2011	0.102286
1120	301	0.205168
979	301	0.178747
1975	1127	0.207975
302	1129	0.213316
1129	1748	0.129058
1127	302	0.214995
977	302	0.216937
2286	1128	0.155521
1128	302	0.11618
1128	2013	0.153809
2013	1129	0.0712046
303	1132	0.180988
1132	1748	0.201287
1129	303	0.214543
2013	1130	0.155325
1130	303	0.0974918
1130	2306	0.155337
2306	1131	0.0412841
1131	303	0.213981
1131	2014	0.0806383
2014	1132	0.198636
304	1126	0.18397
1132	304	0.200094
2014	1133	0.0860202
1133	304	0.188263
1133	2305	0.0731823
1122	304	0.19043
305	1136	0.350058
1136	1749	0.287955
1749	1134	0.29498
1134	305	0.46275
1134	2017	0.145899
2017	1135	0.326928
1135	305	0.171478
1135	2287	0.324922
988	305	0.463546
1977	1136	0.288174
306	1138	0.120274
1138	1749	0.269223
1136	306	0.331597
986	306	0.114902
2288	1137	0.0202188
1137	306	0.255999
1137	2015	0.0214874
2015	1138	0.192971
307	1141	0.324497
1141	1749	0.286547
1138	307	0.124243
2015	1139	0.0230042
1139	307	0.254417
1139	2308	0.0222769
2308	1140	0.348589
1140	307	0.126511
1140	2016	0.42385
2016	1141	0.282844
308	1134	0.460694
1141	308	0.341977
2016	1142	0.433694
1142	308	0.456233
1142	2307	0.217537
2307	1143	0.325202
1143	308	0.169652
1143	2017	0.327145
309	1145	0.103187
1145	1750	0.246562
1750	1144	0.0464163
1144	309	0.031439
1144	2015	0.109048
1137	309	0.176442
997	309	0.0298437
1980	1145	0.319258
310	701	0.411144
701	1818	0.0221044
1818	862	0.992366
862	310	0.235603
862	2119	0.767807
1565	310	0.389213
2252	721	1.04533
721	310	0.24131
721	2157	0.810728
2157	701	0.0152623
311	765	1.11356
1835	814	0.517158
814	311	0.0491243
814	2190	0.515145
1661	311	1.12863
2300	739	0.378938
739	311	0.0403981
739	2154	0.486577
312	1144	0.0330138
1750	1150	0.252877
1150	312	0.110973
1150	2019	0.344312
2019	1151	0.130657
1151	312	0.0329081
1151	2308	0.249142
1139	312	0.18032
313	698	0.272946
698	1818	0.477493
701	313	0.455437
2157	699	0.823897
699	313	0.270917
699	2023	1.11733
2023	704	0.118417
704	313	0.505441
704	2158	0.181722
2158	698	0.644194
314	1155	0.198479
1155	1751	0.0766025
1751	1153	0.269069
1153	314	0.173266
1153	1982	0.404888
1003	314	0.196478
2290	1154	0.162717
1154	314	0.193864
1154	2020	0.165951
2020	1155	0.0820756
315	1158	0.0840467
1158	1751	0.241787
1155	315	0.171826
2020	1156	0.47995
1156	315	0.0727731
1156	2310	0.361402
2310	1157	0.052421
1157	315	0.17912
1157	2021	0.0764871
2021	1158	0.28279
316	725	0.0941864
725	1817	0.372819
1817	711	0.024789
711	316	0.144644
711	2156	0.0467397
2156	710	0.317711
710	316	0.113221
710	2004	0.315302
568	316	0.122898
2153	725	0.468991
317	1161	0.147901
1161	1752	0.0664781
1752	1160	0.308646
1160	317	0.113123
1160	2020	0.356
1154	317	0.158687
1013	317	0.125324
1984	1161	0.108571
318	1163	0.125556
1163	1752	0.322459
1161	318	0.152343
1011	318	0.137422
2291	1162	0.259131
1162	318	0.161488
1162	2022	0.235817
2022	1163	0.465657
319	839	0.188211
839	1820	0.601727
1820	837	0.0512401
837	319	0.23
837	2159	0.0438351
2159	499	0.627563
499	319	0.197514
499	1695	0.817274
1583	319	0.186565
2123	839	0.699302
320	848	0.266813
848	1820	0.855914
839	320	0.047896
1581	320	0.242487
2229	859	0.0284707
859	320	0.0449388
859	2161	0.0652289
2161	848	0.599353
321	1169	0.201433
1169	1753	0.0643932
1753	1168	0.208937
1168	321	0.173256
1168	2022	0.172952
1162	321	0.194892
2291	1021	0.315356
1021	321	0.148812
1021	1986	0.18542
1986	1169	0.039491
322	1171	0.0337319
1171	1753	0.199608
1169	322	0.200381
1986	1019	0.15108
1019	322	0.0195533
1019	2292	0.128778
2292	1170	0.00780911
1170	322	0.197429
1170	2024	0.0116799
2024	1171	0.185109
323	1174	0.21527
1174	1753	0.0872114
1171	323	0.0464281
2024	1172	0.0159014
1172	323	0.214942
1172	2312	0.0131582
2312	1173	0.143466
1173	323	0.0534629
1173	2025	0.187529
2025	1174	0.0854936
324	1168	0.151172
1174	324	0.229138
2025	1175	0.0420054
1175	324	0.158665
1175	2311	0.0492665
2311	1164	0.386158
1164	324	0.217367
1164	2022	0.566293
325	1177	0.212531
1177	1754	0.0764392
1754	1176	0.174139
1176	325	0.0294345
1176	2024	0.163975
1170	325	0.196832
2292	1029	0.118004
1029	325	0.0365914
1029	1988	0.151305
1988	1177	0.0816756
326	1179	0.0507387
1179	1754	0.2137
1177	326	0.257666
1027	326	0.0788009
2293	1178	0.376308
1178	326	0.314608
1178	2026	0.642517
2026	1179	0.208981
327	1182	0.217685
1182	1754	0.0514485
1179	327	0.0814757
2026	1180	0.145322
1180	327	0.266157
1180	2313	0.127362
2313	1181	0.167963
1181	327	0.0609951
1181	2027	0.113969
2027	1182	0.0264012
328	1176	0.024495
1182	328	0.190424
2027	1183	0.110223
1183	328	0.0156913
1183	2312	0.117392
1172	328	0.190622
329	1645	0.293922
1645	1809	0.0129199
1809	1643	0.648493
1643	329	0.208539
1643	2101	0.827085
2101	1493	0.147126
1493	329	0.239441
1493	1727	0.112423
1727	1644	0.678281
1644	329	0.211065
1644	2139	0.895071
2139	1645	0.0193889
330	1648	0.235469
1648	1809	0.697355
1645	330	0.375138
1646	330	0.241092
1647	330	0.469766
2140	1648	0.951057
331	1190	0.47581
1190	1755	0.0227801
1755	1187	0.517017
1187	331	0.193809
1187	2028	0.734954
2028	1188	0.144591
1188	331	0.56485
1188	2314	0.246174
2314	1189	0.432131
1189	331	0.209986
1189	2029	0.332004
2029	1190	0.0372846
332	1184	0.13305
1184	1755	0.486273
1190	332	0.395884
2029	1191	0.252204
1191	332	0.11741
1191	2313	0.131025
1180	332	0.327592
2026	1184	0.595944
333	1193	0.431369
1193	1756	0.160704
1756	1192	0.643285
1192	333	0.257698
1192	2028	0.410616
2028	1186	0.555525
1186	333	0.298313
1186	2294	0.405982
1045	333	0.268301
1992	1193	0.186326
334	1195	0.061294
1195	1756	0.75811
1193	334	0.535766
1043	334	0.0693739
2295	1194	0
1194	334	0.61309
1194	2030	0
2030	1195	0.834844
335	1198	0.97651
1198	1756	0.175492
1195	335	0.0787886
2030	1196	0
1196	335	1.06685
1196	2315	0
2315	1197	0.926414
1197	335	0.131385
1197	2031	0.894102
2031	1198	0.253524
336	1192	0.38137
1198	336	0.859947
2031	1199	0.727086
1199	336	0.442067
1199	2314	0.568255
1188	336	0.719083
337	1000	0.647663
1000	1837	0.286421
1837	684	0.762569
684	337	0.778256
684	2158	0.698119
704	337	0.590226
842	337	0.736121
2196	1000	0.277625
338	1206	0.37241
1206	1757	0.342392
1757	1203	1.05713
1203	338	0.265727
1203	2164	0.752507
2164	1204	0.0453863
1204	338	0.297876
1204	2337	0.0530843
2337	1205	0.403274
1205	338	0.262652
1205	2202	0.592881
2202	1206	0.412254
339	1209	0.160338
1209	1757	0.434262
1206	339	0.537937
2202	1207	0.686547
1207	339	0.160849
1207	1910	0.762405
1910	1208	0
1208	339	0.611334
1208	2203	0
2203	1209	0.621504
340	1200	0.365169
1200	1757	1.08532
1209	340	0.0510175
2203	1210	0
1210	340	0.426116
1210	2151	0
2151	1211	0.124931
1211	340	0.0495776
1211	2200	0.0653703
2200	1200	0.827904
341	1214	0.150796
1214	1758	0.122782
1758	1212	0.380137
1212	341	0.251581
1212	2202	0.396568
1205	341	0.158068
2337	1213	0.512905
1213	341	0.190208
1213	2166	0.394828
2166	1214	0.0571384
342	1217	0.264337
1217	1758	0.363412
1214	342	0.143261
2166	1215	0.397476
1215	342	0.199368
1215	2081	0.541263
2081	1216	0.504416
1216	342	0.131792
1216	2204	0.730047
2204	1217	0.34535
343	1220	0.155657
1220	1758	0.197772
1217	343	0.343515
2204	1218	0.831873
1218	343	0.151958
1218	2191	0.911882
2191	1219	0
1219	343	0.411088
1219	2205	0
2205	1220	0.262792
344	1212	0.327223
1220	344	0.159511
2205	1221	0
1221	344	0.393121
1221	1910	0
1207	344	0.161
345	1224	0.22733
1224	1759	0.390277
1759	1222	0.307477
1222	345	0.424606
1222	2204	0.32678
1216	345	0.237466
2081	1223	0.0595996
1223	345	0.347573
1223	2168	0.0756997
2168	1224	0.320464
346	1227	0.437699
1227	1759	0.286265
1224	346	0.216412
2168	1225	0.077831
1225	346	0.369379
1225	1785	0.0812159
1785	1226	0.412702
1226	346	0.204075
1226	2206	0.477356
2206	1227	0.262811
347	1230	0.132108
1230	1759	0.469721
1227	347	0.51749
2206	1228	0.554417
1228	347	0.120524
1228	2193	0.61868
2193	1229	0
1229	347	0.584373
1229	2032	0
2032	1230	0.537142
348	1222	0.508112
1230	348	0.141095
2032	1231	0
1231	348	0.578103
1231	2191	0
1218	348	0.147987
349	1234	0.17438
1234	1760	0.349073
1760	1232	0.210484
1232	349	0.410618
1232	2206	0.234109
1226	349	0.187577
1785	1233	0.0826495
1233	349	0.354869
1233	2170	0.081301
2170	1234	0.301995
350	1237	0.359285
1237	1760	0.185104
1234	350	0.163956
2170	1235	0.0801523
1235	350	0.320466
1235	2343	0.0448123
2343	1236	0.224912
1236	350	0.0892084
1236	2034	0.245961
2034	1237	0.0849547
351	1240	0.0623443
1240	1760	0.413581
1237	351	0.412696
2034	1238	0.274967
1238	351	0.00843726
1238	2117	0.39185
2117	1239	0
1239	351	0.45419
1239	2036	0
2036	1240	0.467379
352	1232	0.48115
1240	352	0.0866369
2036	1241	0
1241	352	0.541501
1241	2193	0
1228	352	0.104205
353	1244	0.318952
1244	1761	0.730104
1761	1242	0.635499
1242	353	0.132083
1242	2038	0.836111
2038	1243	0
1243	353	0.428111
1243	2299	0
1085	353	0.176214
2002	1244	0.573804
354	1662	1.16261
1834	1666	0.503779
1666	354	0.0679673
1666	2188	0.490937
1651	354	1.17389
2005	763	0.489592
763	354	0.056353
763	2152	0.376162
355	1249	0.534201
1249	1761	0.0819437
1761	1246	1.21712
1246	355	0.320765
1246	2040	0.819823
2040	1247	0.0908915
1247	355	0.480765
1247	2320	0.144979
2320	1248	0.761574
1248	355	0.362736
1248	2041	0.861509
2041	1249	0.15458
356	1242	0.26283
1249	356	0.601156
2041	1250	0.977447
1250	356	0.256816
1250	2319	0.946354
2319	1251	0
1251	356	0.684014
1251	2038	0
357	711	0.164349
1817	726	0.381059
726	357	0.0241392
726	2155	0.390355
2155	720	0.121898
720	357	0.182674
720	2018	0.273686
2018	719	0.32257
719	357	0.0695422
719	2156	0.321884
358	774	0.47263
774	1839	1.65397
1839	1525	0.195086
1525	358	0.470285
1525	2198	0.251173
2198	1037	0.612878
1037	358	0.516002
1037	2063	0.433331
2063	1016	0.0797631
1016	358	0.398171
1016	2162	0.0582146
2162	774	1.19185
359	1258	0.317366
1258	1762	0.0301081
1762	1255	0.830327
1255	359	0.241672
1255	2042	1.07469
2042	1256	0.123576
1256	359	0.269055
1256	2321	0.0953113
2321	1257	0.617059
1257	359	0.222149
1257	2043	0.837528
2043	1258	0.0362053
360	1252	0.0820051
1252	1762	0.828592
1258	360	0.383173
2043	1259	0.487858
1259	360	0.124488
1259	2320	0.684591
1247	360	0.434649
2040	1252	0.823542
361	1261	0.256611
1261	1763	0.243671
1763	1260	0.516474
1260	361	0.146851
1260	2042	0.452969
2042	1254	0.862514
1254	361	0.298705
1254	2301	0.659416
1101	361	0.150017
2006	1261	0.171726
362	1263	0.0953654
1263	1763	0.455662
1261	362	0.195152
2006	1099	0.234141
1099	362	0.0795443
1099	2302	0.18857
2302	1262	0.0366713
1262	362	0.164292
1262	2044	0.0559728
2044	1263	0.422411
363	1266	0.216199
1266	1763	0.271975
1263	363	0.126791
2044	1264	0.0940794
1264	363	0.19319
1264	2322	0.110078
2322	1265	0.386314
1265	363	0.142388
1265	2045	0.339217
2045	1266	0.228167
364	1260	0.252481
1266	364	0.20399
2045	1267	0.885888
1267	364	0.242765
1267	2321	0.647216
1256	364	0.249539
365	1269	0.101502
1269	1764	0.187525
1764	1268	0.390297
1268	365	0.0937313
1268	2044	0.40634
1262	365	0.13489
2302	1109	0.204182
1109	365	0.101443
1109	2008	0.301628
2008	1269	0.174352
366	1271	0.194367
1271	1764	0.367178
1269	366	0.118157
1107	366	0.223849
2303	1270	0.292612
1270	366	0.0919587
1270	2046	0.386844
2046	1271	0.270652
367	1274	0.179619
1274	1764	0.155026
1271	367	0.20887
2046	1272	0.0642742
1272	367	0.183509
1272	2323	0.0636884
2323	1273	0.350264
1273	367	0.169924
1273	2047	0.345584
2047	1274	0.126159
368	1268	0.103265
1274	368	0.176192
2047	1275	0.341819
1275	368	0.10003
1275	2322	0.355643
1264	368	0.180124
369	788	0.125401
788	1814	0.1648
790	369	0.142756
2149	789	0.204795
789	369	0.097905
789	2005	0.265032
794	369	0.151207
2150	788	0.201427
370	956	0.118864
956	1814	0.552825
788	370	0.113698
787	370	0.132443
807	370	0.145594
2147	956	0.406705
371	1282	0.189002
1282	1765	0.0556969
1765	1279	0.455854
1279	371	0.0544934
1279	2048	0.481716
2048	1280	0.0204523
1280	371	0.209212
1280	2324	0.0284063
2324	1281	0.331474
1281	371	0.0821054
1281	2049	0.378244
2049	1282	0.0790546
372	1276	0.142059
1276	1765	0.440424
1282	372	0.176347
2049	1283	0.365071
1283	372	0.135525
1283	2323	0.357816
1272	372	0.171463
2046	1276	0.603184
373	1622	0.475601
1116	373	0.989198
959	373	0.371926
1633	373	1.06209
374	1287	0.136288
1287	1766	0.254629
1766	1285	0.526072
1285	374	0.116496
1285	2012	0.410572
1123	374	0.13639
2305	1286	0.0902082
1286	374	0.117545
1286	2050	0.101876
2050	1287	0.319869
375	1290	0.283205
1290	1766	0.0812601
1287	375	0.191077
2050	1288	0.115321
1288	375	0.293571
1288	2325	0.101429
2325	1289	0.660862
1289	375	0.185338
1289	2051	0.553287
2051	1290	0.0679735
376	1284	0.185379
1284	1766	0.678118
1290	376	0.243997
2051	1291	0.524146
1291	376	0.190671
1291	2324	0.750168
1280	376	0.234209
2048	1284	0.517997
377	1293	0.151264
1293	1767	0.198059
1767	1292	0.311496
1292	377	0.198819
1292	2050	0.331975
1286	377	0.150297
1133	377	0.194292
2014	1293	0.200176
378	1295	0.217008
1295	1767	0.27016
1293	378	0.134019
1131	378	0.217076
2306	1294	0.158146
1294	378	0.0682491
1294	2052	0.158369
2052	1295	0.136951
379	1298	0.26207
1298	1767	0.191745
1295	379	0.213429
2052	1296	0.156225
1296	379	0.129986
1296	2326	0.157409
2326	1297	0.138771
1297	379	0.213427
1297	2053	0.266888
2053	1298	0.189801
380	1292	0.202386
1298	380	0.305335
2053	1299	0.304104
1299	380	0.207158
1299	2325	0.243351
1288	380	0.334244
381	1302	0.603172
1302	1768	0.283818
1768	1300	0.539924
1300	381	0.457682
1300	2056	0.290515
2056	1301	0.331163
1301	381	0.322335
1301	2307	0.324191
1142	381	0.452653
2016	1302	0.279658
382	1304	0.137442
1304	1768	0.524172
1302	382	0.604041
1140	382	0.129289
2308	1303	0.0217579
1303	382	0.529351
1303	2054	0.0220938
2054	1304	0.449446
383	1307	0.588008
1307	1768	0.288756
1304	383	0.145919
2054	1305	0.024039
1305	383	0.514854
1305	2328	0.0284059
2328	1306	0.363076
1306	383	0.158241
1306	2055	0.423491
2055	1307	0.299169
384	1300	0.463182
1307	384	0.598317
2055	1308	0.444036
1308	384	0.474262
1308	2327	0.240983
2327	1309	0.348422
1309	384	0.33091
1309	2056	0.337505
385	1311	0.340229
1311	1769	0.150504
1769	1310	0.262788
1310	385	0.0562587
1310	2054	0.345143
1303	385	0.422559
1151	385	0.0630601
2019	1311	0.108927
386	1313	0.0954225
1313	1769	0.226408
1311	386	0.275049
2019	1149	0.353092
1149	386	0.0858039
1149	2309	0.266868
2309	1312	0.00676337
1312	386	0.228747
1312	2057	0.0159928
2057	1313	0.190262
387	1316	0.254245
1316	1769	0.16271
1313	387	0.102872
2057	1314	0.0230654
1314	387	0.22266
1314	2329	0.0260473
2329	1315	0.30746
1315	387	0.112191
1315	2058	0.387899
2058	1316	0.143258
388	1310	0.0522907
1316	388	0.313838
2058	1317	0.154316
1317	388	0.0508301
1317	2328	0.273249
1305	388	0.403243
389	1319	0.150859
1319	1770	0.088552
1770	1318	0.125126
1318	389	0.0547256
1318	2057	0.153533
1312	389	0.182768
2309	1159	0.23221
1159	389	0.0581561
1159	2021	0.294496
2021	1319	0.0772106
390	1321	0.201669
1321	1770	0.104925
1319	390	0.150287
1157	390	0.20411
2310	1320	0.386714
1320	390	0.144109
1320	2059	0.526277
2059	1321	0.0726877
391	1324	0.158692
1324	1770	0.0826582
1321	391	0.214072
2059	1322	0.198636
1322	391	0.148021
1322	2330	0.214548
2330	1323	0.530772
1323	391	0.201649
1323	2060	0.329633
2060	1324	0.071091
392	1318	0.051408
1324	392	0.173648
2060	1325	0.314879
1325	392	0.0441054
1325	2329	0.313584
1314	392	0.196522
393	1558	0.0671127
1558	1836	0.255043
1836	724	0.0490833
724	393	1.0038
724	2156	0.0545172
719	393	0.116074
2018	1557	0.470951
1557	393	0.961241
1557	2194	0.660464
2194	1558	0.338681
394	926	0.0530614
926	1839	0.832864
1839	785	1.14761
785	394	0.383336
785	2200	0.842987
1211	394	0.0516641
2151	762	0
762	394	0.439751
762	2201	0
2201	926	1.12266
395	1332	0.119517
1332	1771	0.0713307
1771	1329	0.236998
1329	395	0.0892739
1329	2061	0.285246
2061	1330	0.175878
1330	395	0.106618
1330	2331	0.267099
2331	1331	0.16828
1331	395	0.138112
1331	2062	0.165639
2062	1332	0.13523
396	1326	0.122564
1326	1771	0.27136
1332	396	0.131216
2062	1333	0.164397
1333	396	0.157408
1333	2330	0.130218
1322	396	0.142931
2059	1326	0.410357
397	1335	0.0685479
1335	1772	0.171715
1772	1334	0.0253758
1334	397	0.188881
1334	2061	0.0341073
2061	1328	0.390318
1328	397	0.0844972
1328	2311	0.331201
1175	397	0.161136
2025	1335	0.2283
398	684	0.829095
498	398	0.4543
1557	398	0.885953
2018	511	0.271332
511	398	0.360358
511	2158	0.229367
399	1525	0.5995
926	399	0.244735
2201	830	0
830	399	0.669024
830	1822	0
1502	399	0.235059
400	1334	0.247851
1772	1340	0.190089
1340	400	0.114587
1340	2064	0.29589
2064	1341	0.150832
1341	400	0.250274
1341	2331	0.171067
1330	400	0.134921
401	837	0.25921
1820	1022	1.38595
1022	401	0.290593
1022	2162	1.10758
1016	401	0.309635
2063	836	0.853949
836	401	0.260451
836	2159	0.629731
402	1015	0.0458729
1015	1821	0.264136
1821	1017	0.787455
1017	402	0.230225
1017	2161	0.584711
859	402	0.0389917
1591	402	0.199266
2125	1015	0.264222
403	1020	0.140258
1020	1821	0.145422
1015	403	0.121817
1589	403	0.088063
1937	1014	0.64203
1014	403	0.13113
1014	2163	0.504283
2163	1020	0.11166
404	1031	0.211629
1031	1821	0.859189
1020	404	0.158578
2163	1018	0.535303
1018	404	0.198829
1018	2337	0.743099
1204	404	0.213782
2164	1031	0.688778
405	1351	0.140994
1351	1774	0.0529431
1774	1350	0.144415
1350	405	0.0731486
1350	2065	0.0575502
2065	1344	0.234349
1344	405	0.0523617
1344	2313	0.252257
1191	405	0.0695707
2029	1351	0.0474114
406	1353	0.23406
1353	1774	0.203139
1351	406	0.209966
1189	406	0.228417
2314	1352	0.326751
1352	406	0.258288
1352	2067	0.361974
2067	1353	0.245024
407	1356	0.263575
1356	1774	0.0555432
1353	407	0.234855
2067	1354	0.391517
1354	407	0.278642
1354	2334	0.429354
1355	407	0.239886
2068	1356	0.0665408
408	1350	0.0828848
1356	408	0.208221
1357	408	0.0761658
2333	1346	0.433786
1346	408	0.177482
1346	2065	0.261096
409	1359	0.354695
1359	1775	0.371637
1775	1358	0.269789
1358	409	0.538326
1358	2067	0.275432
1352	409	0.310746
1199	409	0.535184
2031	1359	0.376744
410	1361	0.258931
1361	1775	0.270167
1359	410	0.402435
1197	410	0.355469
2315	1360	0.502875
1360	410	0.559285
1360	2069	0.387632
2069	1361	0.298259
411	1364	0.246748
1364	1775	0.37248
1361	411	0.239251
2069	1362	0.295382
1362	411	0.246401
1362	2335	0.21866
1363	411	0.218608
2070	1364	0.368026
412	1358	0.535488
1364	412	0.269077
1365	412	0.541459
1354	412	0.302671
413	1368	0.420155
1368	1776	0.253675
1776	1366	0.222106
1366	413	0.331392
1366	2069	0.247528
1360	413	0.451516
2315	1367	0
1367	413	0.450374
1367	2033	0
2033	1368	0.2978
414	1371	0.268654
1371	1776	0.212952
1368	414	0.375556
2033	1369	0
1369	414	0.30789
1369	2316	0
2316	1370	0.25877
1370	414	0.350754
1370	2071	0.222186
2071	1371	0.210423
415	1374	0.128881
1374	1776	0.217359
1371	415	0.239187
2071	1372	0.194805
1372	415	0.106552
1372	2336	0.175962
1373	415	0.223949
2072	1374	0.192742
416	1366	0.284908
1374	416	0.15494
1375	416	0.255755
1362	416	0.195935
417	1378	0.335869
1378	1777	0.058144
1777	1376	0.176209
1376	417	0.236662
1376	2071	0.214572
1370	417	0.342139
2316	1377	0
1377	417	0.272255
1377	2035	0
2035	1378	0.125169
418	1381	0.117103
1381	1777	0.410359
1378	418	0.318463
2035	1379	0
1379	418	0.167998
1379	2317	0
2317	1380	0.0654791
1380	418	0.315004
1380	2073	0.0109324
2073	1381	0.311017
419	1501	0.268414
1030	419	0.487924
2160	831	0.492055
831	419	0.210881
831	2063	0.622918
1037	419	0.448853
420	1376	0.160516
1777	1384	0.259174
1384	420	0.0825139
1384	2074	0.203099
1385	420	0.127502
1372	420	0.0916933
421	1388	0.30856
1388	1778	0.0527432
1778	1386	0.39714
1386	421	0.119093
1386	2073	0.306008
1380	421	0.312651
2317	1387	0
1387	421	0.173793
1387	2037	0
2037	1388	0.124013
422	1391	0.277551
1391	1778	0.16072
1388	422	0.317289
2037	1389	0
1389	422	0.316455
1389	2318	0
2318	1390	0.24744
1390	422	0.310454
1390	2075	0.205774
2075	1391	0.191027
423	1394	0.0691475
1394	1778	0.267314
1391	423	0.200067
2075	1392	0.17245
1392	423	0.0720611
1392	2338	0.145136
1393	423	0.177398
2076	1394	0.205267
424	1202	0.165395
1000	424	0.706985
1201	424	0.176656
1773	849	0
849	424	0.762075
849	2197	0
425	1398	0.31073
1398	1779	0.197306
1779	1396	0.172076
1396	425	0.265233
1396	2075	0.180146
1390	425	0.304498
2318	1397	0
1397	425	0.308727
1397	2039	0
2039	1398	0.244362
426	1401	0.199099
1401	1779	0.167559
1398	426	0.329813
2039	1399	0
1399	426	0.294423
1399	2319	0
2319	1400	0.320984
1400	426	0.347243
1400	2077	0.238559
2077	1401	0.167182
427	1404	0.0817433
1404	1779	0.15591
1401	427	0.153911
2077	1402	0.192124
1402	427	0.0877329
1402	2339	0.152919
1403	427	0.122547
2078	1404	0.122334
428	1396	0.232253
1404	428	0.0790607
1405	428	0.212703
1392	428	0.0742611
429	1407	0.325891
1407	1780	0.268916
1780	1406	0.176158
1406	429	0.285503
1406	2077	0.186351
1400	429	0.408676
1250	429	0.397585
2041	1407	0.274328
430	1409	0.424514
1409	1780	0.155406
1407	430	0.272054
1248	430	0.438603
2320	1408	0.234634
1408	430	0.226691
1408	2079	0.262941
2079	1409	0.147611
431	1412	0.122339
1412	1780	0.267171
1409	431	0.411889
2079	1410	0.281235
1410	431	0.149502
1410	2340	0.299439
1411	431	0.406109
2080	1412	0.262641
432	1406	0.255763
1412	432	0.113234
1413	432	0.240831
1402	432	0.0990354
433	1415	0.0930962
1415	1781	0.346326
1781	1414	0.0530098
1414	433	0.107774
1414	2079	0.108964
1408	433	0.165573
1259	433	0.0788671
2043	1415	0.452133
434	899	0.229886
899	1823	0.0275636
1823	888	0.170616
888	434	0.190591
888	2129	0.136004
1605	434	0.199959
2270	1040	0.262563
1040	434	0.186612
1040	2167	0.28711
2167	899	0.0318789
435	888	0.194741
1823	889	0.0258983
889	435	0.165449
889	2165	0.0247303
2165	1036	0.625527
1036	435	0.206808
1036	1712	0.809886
1607	435	0.127715
436	1414	0.12057
1781	1420	0.357866
1420	436	0.113296
1420	2082	0.471191
1421	436	0.136875
1410	436	0.145145
437	902	0.205356
902	1823	0.210311
899	437	0.265327
2167	908	0.317061
908	437	0.195336
908	1785	0.359555
1225	437	0.311958
2168	902	0.259711
438	1425	0.0849036
1425	1782	0.119997
1782	1423	0.598899
1423	438	0.320183
1423	2045	0.804682
1265	438	0.0720958
2322	1424	0.125635
1424	438	0.275353
1424	2083	0.119758
2083	1425	0.0650363
439	1428	0.181571
1428	1782	0.575772
1425	439	0.0859199
2083	1426	0.358856
1426	439	0.119873
1426	2342	0.25488
1427	439	0.0954451
2084	1428	0.715244
440	889	0.209166
902	440	0.214417
1223	440	0.262231
2081	1035	0.89139
1035	440	0.228384
1035	2165	0.65384
441	1431	0.207024
1431	1783	0.0424006
1783	1430	0.218048
1430	441	0.0876464
1430	2083	0.289377
1424	441	0.22569
1275	441	0.0899419
2047	1431	0.0774515
442	1433	0.0541683
1433	1783	0.221541
1431	442	0.191621
1273	442	0.0993958
2323	1432	0.0412749
1432	442	0.178005
1432	2085	0.0296695
2085	1433	0.226893
443	1146	0.187607
1152	443	0.381829
1148	443	0.184188
2137	1147	0
1147	443	0.453974
1147	2177	0
444	1125	0.0119552
1825	1115	0.781248
1115	444	0.305676
1115	2171	0.583146
1114	444	0.0236509
2136	1278	0
1278	444	0.361706
1278	2172	0
445	1439	0.144636
1439	1784	0.113514
1784	1438	0.349464
1438	445	0.117843
1438	2085	0.239879
1432	445	0.16477
1283	445	0.114507
2049	1439	0.111525
446	1441	0.0722758
1441	1784	0.0677203
1439	446	0.150037
1281	446	0.0408619
2324	1440	0.396564
1440	446	0.137635
1440	2087	0.292307
2087	1441	0.0631037
447	1444	0.101622
1444	1784	0.365418
1441	447	0.0829538
2087	1442	0.276213
1442	447	0.0958502
1442	2344	0.356996
1443	447	0.106275
2088	1444	0.271143
448	921	0.480932
921	1825	1.17707
923	448	0.626028
2173	922	0.489208
922	448	0.233835
922	1734	0.452411
1624	448	0.573897
2133	921	0.844882
449	1071	0.169264
1071	1824	0.241365
1824	900	0.0427638
900	449	0.271996
900	2169	0.0267467
2169	904	0.199169
904	449	0.100768
904	2343	0.210755
1235	449	0.293747
2170	1071	0.268813
450	900	0.258594
1824	901	0.224053
901	450	0.177174
901	2131	0.208983
1613	450	0.246293
1985	906	0.185162
906	450	0.104787
906	2169	0.192077
451	901	0.176078
1824	903	0.0395393
903	451	0.253051
903	2167	0.0366275
1040	451	0.180038
1615	451	0.233369
452	903	0.276667
1071	452	0.172498
1233	452	0.311577
908	452	0.182176
453	1455	0.16173
1455	1786	0.184162
1786	1454	0.0334961
1454	453	0.160707
1454	2089	0.0144559
2089	1448	0.366786
1448	453	0.149651
1448	2325	0.491784
1299	453	0.155082
2053	1455	0.18797
454	1457	0.214095
1457	1786	0.0531215
1455	454	0.153207
1297	454	0.2151
2326	1456	0.161413
1456	454	0.0863508
1456	2091	0.162539
2091	1457	0.0362239
455	1460	0.152148
1460	1786	0.180615
1457	455	0.210664
2091	1458	0.160608
1458	455	0.0949241
1458	2346	0.161792
1459	455	0.211521
2092	1460	0.17936
456	1454	0.160079
1460	456	0.145507
1461	456	0.163939
2345	1450	0.465888
1450	456	0.143611
1450	2089	0.357061
457	1464	0.441031
1464	1787	0.317573
1787	1462	0.586348
1462	457	0.489085
1462	2095	0.349311
2095	1463	0.361777
1463	457	0.246093
1463	2327	0.35393
1308	457	0.479988
2055	1464	0.305922
458	1466	0.187509
1466	1787	0.564585
1464	458	0.416525
1306	458	0.169366
2328	1465	0.0359387
1465	458	0.364392
1465	2093	0.0463754
2093	1466	0.523853
459	1469	0.331219
1469	1787	0.337824
1466	459	0.207938
2093	1467	0.0495878
1467	459	0.283826
1467	2348	0.0551535
1468	459	0.221854
2094	1469	0.354007
460	1462	0.507057
1469	460	0.362142
1470	460	0.520847
2347	1471	0.378716
1471	460	0.206355
1471	2095	0.372961
461	1473	0.249939
1473	1788	0.410013
1788	1472	0.326961
1472	461	0.0155772
1472	2093	0.466939
1465	461	0.299283
1317	461	0.0194598
2058	1473	0.439395
462	869	0.204683
869	1818	0.553794
698	462	0.167546
511	462	0.278517
720	462	0.175931
2155	869	0.397568
463	1478	0.147355
1478	1788	0.0202963
1788	1475	0.681731
1475	463	0.191631
1475	2096	0.548489
2096	1476	0.118815
1476	463	0.123279
1476	1933	0.18128
1477	463	0.217606
2097	1478	0.0418567
464	1472	0.079815
1478	464	0.175912
1479	464	0.0808616
1467	464	0.22353
465	1567	0.0784109
1567	1836	0.410203
1558	465	0.0473725
1556	465	0.130611
1819	1559	0.290698
1559	465	0.0155247
1559	2195	0.36753
2195	1567	0.341308
466	724	1.03204
1836	730	0.685734
730	466	0.157214
730	2192	0.525065
786	466	1.07201
710	466	0.134125
467	1486	0.067179
1486	1789	0.10912
1789	1483	0.528226
1483	467	0.24062
1483	2098	0.738016
2098	1484	0.0841011
1484	467	0.0626876
1484	1932	0.125789
1932	1485	0.603352
1485	467	0.270867
1485	2099	0.82831
2099	1486	0.131684
468	1480	0.0895563
1480	1789	0.509763
1486	468	0.0943024
1487	468	0.144054
1476	468	0.103185
2096	1480	0.522418
469	1489	0.22099
1489	1790	0.23198
1790	1488	0.354635
1488	469	0.173028
1488	2098	0.287806
2098	1482	0.567371
1482	469	0.243918
1482	2330	0.57426
1333	469	0.146297
2062	1489	0.184815
470	1491	0.20782
1491	1790	0.362302
1489	470	0.21056
1331	470	0.169767
2331	1490	0.306041
1490	470	0.204623
1490	2100	0.273808
2100	1491	0.30196
471	1494	0.174875
1494	1790	0.283361
1491	471	0.183024
2100	1492	0.884081
1492	471	0.20006
1492	1727	0.665032
1493	471	0.224201
2101	1494	0.266421
472	1488	0.248544
1494	472	0.0929758
2101	1495	0.80522
1495	472	0.278287
1495	1932	0.5836
1484	472	0.0840001
473	1497	0.162542
1497	1791	0.116496
1791	1496	0.66731
1496	473	0.351541
1496	2100	0.961466
1490	473	0.138188
1341	473	0.325227
2064	1497	0.0541172
474	1499	0.21591
1499	1791	0.607819
1497	474	0.146117
2064	1339	0.361869
1339	474	0.150848
1339	2332	0.282533
2332	1498	0.0655964
1498	474	0.143
1498	2102	0.112065
2102	1499	0.743736
475	1382	0.149965
1829	1338	0.127699
1338	475	0.540462
1338	2180	0.12866
1538	475	0.145181
1812	1383	0
1383	475	0.619858
1383	2181	0
476	1338	0.437946
1345	476	0.496042
1655	476	0.349225
1348	476	0.520526
477	1505	0.245275
1505	1792	0.197223
1504	477	0.126859
1498	477	0.204476
2332	1349	0.337479
1349	477	0.0534124
1349	2066	0.399586
2066	1505	0.100785
478	1507	0.203279
1507	1792	0.406019
1505	478	0.259596
2066	1347	0.440084
1347	478	0.184298
1347	2333	0.671727
1506	478	0.287469
2104	1507	0.429829
479	1510	0.149288
1507	479	0.209122
1508	479	0.174755
1706	1509	0.570561
1509	479	0.227524
1509	2105	0.781867
