 0.350292 -0.251736 -0.902178 0.484958 0.737891 0.469396
0.195232 0.637485 0.745317 0.525529 0.772251 0.356997
0.271016 0.701383 0.659251 0.536212 0.785463 0.309071
0.0600656 0.498488 0.864813 0.454063 0.751944  0.47792
 0.34973 0.749369 0.562259 0.555523 0.792867 0.250513
-nan -nan -nan -nan -nan -nan
 0.679666  0.708435 -0.190193 0.367322 0.730849 0.575269
 0.677377  0.713332 -0.179774 0.522635 0.788084 0.325233
 0.616627  0.384132 -0.687178 0.475948 0.727392 0.494343
0.126041 0.471859 0.872618 0.645732 0.682665 0.342051
 0.213137 -0.255031  -0.94315 0.526565 0.719898 0.452189
0.0800895 -0.210631 -0.974279 0.607202  0.73135 0.310536
 0.371502 -0.014908 -0.928313 0.487749 0.720396 0.493083
 0.140795 -0.333977 -0.932007 0.462081 0.768585 0.442445
 0.469494  0.196499 -0.860792 0.548126 0.762723 0.343238
 0.326292 -0.232078 -0.916337 0.512793 0.768565 0.382559
 0.450738 -0.102967 -0.886698 0.681914 0.542212 0.490917
0.0257038 -0.407062 -0.913039 0.668543 0.594274 0.447088
 0.437696 -0.142393 -0.887776 0.682387 0.501873  0.53148
 0.589901 0.0672406 -0.804671 0.647015 0.537811 0.540492
 0.911293   0.26923 -0.311546 0.69331 0.40721 0.59456
0.897865 0.402917  0.17747 0.359077 0.213689 0.908516
 0.916834  0.395522 0.0545719 0.678326 0.305379 0.668294
0.892684 0.370846 0.256102 0.460811 0.234226 0.856032
 0.729363  0.354685 -0.585003 0.791451 0.371827 0.485129
 0.77034 0.430312 -0.47054  0.73848 0.408562   0.5364
 0.709709  0.271978 -0.649878 0.691718 0.471804 0.546742
 0.831848  0.459309 -0.311551 0.696747 0.384926 0.605289
 0.866749  0.376003 -0.327671 0.656771 0.464324 0.594184
0.917838 0.353124 -0.18132 0.646507   0.4206 0.636494
 0.909971  0.405018 0.0889611 0.623875  0.29383 0.724185
 0.901904  0.317804 -0.292524 0.674206 0.425478 0.603667
 0.777655  0.627686 0.0355388 0.416183 0.506186 0.755359
 0.720195  0.472705 -0.507809 0.651253 0.441943 0.616892
 0.805501  0.584003 -0.100546 0.433294 0.393099 0.811005
 0.677031  0.554349 -0.484073 0.595846 0.492375 0.634456
0.769709 0.608757 0.192257 0.211862 0.236782 0.948182
 0.533288  0.490178 -0.689441  0.64297 0.682501 0.347538
 0.388849  0.213087 -0.896321 0.612626 0.725319  0.31401
 0.572528  0.659705 -0.486827 0.312058 0.322744 0.893564
 0.147847  -0.17474 -0.973451 0.542685 0.742275 0.393092
0.0621264  0.48027 0.874917 0.524341 0.758507 0.386954
 0.595148 0.0428039 -0.802476 0.463687 0.634587 0.618299
  0.57565   0.42897 -0.696141 0.384681 0.650715 0.654669
 0.787039  0.615952 0.0342445 0.358285 0.469204 0.807143
0.774085 0.605829 0.183747  0.21754 0.248381 0.943919
 0.516018  0.516571 -0.683286 0.365918 0.527155  0.76695
  0.64556  0.266097 -0.715853 0.470838 0.542881 0.695407
0.788414  0.59713 -0.14778  0.40568 0.588137 0.699656
 0.699766  0.584204 -0.411137 0.394277 0.707301 0.586746
 0.552211  0.186785 -0.812511  0.47486 0.675753 0.563796
  0.36896 -0.276426 -0.887388   0.4852 0.702164 0.521102
 0.217422 -0.138101 -0.966259 0.574972 0.693152  0.43468
0.126608  0.40899 0.903713 0.666185 0.659345 0.348514
  0.288425 -0.0723758  -0.954763 0.650027 0.611105  0.45168
 0.300348 -0.200544 -0.932509 0.597426 0.654357 0.463572
 0.617497  0.336211 -0.711098 0.657451 0.546058 0.519209
 0.774972  0.516154 -0.364697 0.656298 0.445332 0.609058
  0.58766  0.351313 -0.728858 0.580573 0.589755 0.561359
 0.769109  0.375856 -0.516918 0.606382 0.528381 0.594234
 0.793018  0.575448 -0.199954 0.468109 0.614685 0.634851
 0.767846  0.514244 -0.382053 0.484285 0.672502  0.55965
 0.688589  0.246795 -0.681863  0.59999 0.601454 0.527508
 0.466964  0.177587 -0.866261 0.580347  0.64852 0.492564
0.346079 0.767927 0.538997   0.612489 -0.0428083  -0.789319
 0.431952 -0.190722   -0.8815 0.382306 0.791959 0.476071
 0.500067 -0.187546 -0.845435 0.374155 0.789405 0.486669
0.343854 0.785401 0.514693   0.587687 -0.0733008  -0.805761
 0.259766 -0.443496 -0.857807  0.39762 0.778729 0.485263
 0.187211 -0.526924 -0.829037 0.496879 0.762798 0.413824
0.430953 0.778326 0.456606  0.169072 -0.585379 -0.792935
0.256283 0.764252 0.591809  0.798246   0.13809 -0.586289
 0.523118 -0.313103 -0.792663 0.392173 0.733174 0.555568
 0.516722  -0.31739 -0.795149 0.449794 0.672834 0.587349
 0.431702 -0.350147 -0.831283 0.431267 0.720091 0.543578
 0.610596 -0.171581 -0.773132 0.401041 0.718529 0.568227
 0.377227 -0.392336 -0.838911  0.36899 0.772367 0.517006
0.0368318 0.684091 0.728466  0.752565  0.655386 -0.064149
 0.468212 -0.332589 -0.818635 0.367225 0.770483 0.521059
0.114747 0.702031 0.702841  0.801224  0.578371 -0.153386
 0.893431 0.0839809  -0.44128 0.502358 0.573351 0.647229
 0.661823 -0.204191 -0.721316 0.494282 0.599562 0.629453
 0.896421 0.0302972 -0.442166 0.504281 0.518532 0.690525
  0.766199 -0.0232882  -0.642181 0.508665 0.574525 0.641234
 0.961515  0.147781 -0.231623 0.576271 0.409504 0.707261
 0.57917 0.352818 0.734902 0.922016 0.346981 0.171726
0.155241 0.223384 0.962289 0.691694 0.399508 0.601625
0.745031 0.380891 0.547587 0.384147 0.326387 0.863657
0.192255 0.229358 0.954166  0.68574 0.489377 0.538767
0.0487703  -0.10277 -0.993509 0.647813 0.575655 0.498958
 0.875626  0.448793 -0.178503 0.532955 0.551463 0.641754
0.823417 0.567299 0.012513 0.548668  0.51386 0.659478
 0.902364  0.230374 -0.364235  0.52577 0.545771 0.652457
 0.945578  0.290757 -0.146092 0.522449 0.471067 0.710734
0.877363 0.448864 0.169576 0.574446 0.421614 0.701608
 0.938067  0.342863 0.0497582 0.553263 0.472065 0.686334
 0.718362  0.479728 -0.503802 0.456607 0.722051 0.519761
 0.450683   0.21636 -0.866068 0.587435 0.659529  0.46898
 0.624463  0.446707 -0.640701 0.482958 0.724695 0.491496
 0.710903  0.594327 -0.376021 0.461479 0.709638 0.532401
0.691404  0.69338 -0.20294 0.290269 0.701204 0.651197
-nan -nan -nan -nan -nan -nan
 0.556494   0.12421 -0.821515 0.556503 0.809832  0.18568
0.106435 0.626701 0.771957 0.576662 0.804963 0.139626
 0.243398 -0.321353 -0.915145 0.550267  0.81085 0.199319
 0.702842   0.30729 -0.641549 0.373793 0.794557 0.478496
0.433369 0.793231 0.427758  0.613325  0.146894 -0.776051
0.446728 0.803137 0.394213   0.58581   0.09386 -0.804995
0.706118 0.494952 -0.50638 0.407244 0.779444 0.476046
 0.671174  0.712996 -0.202885 0.380151 0.750223 0.540971
 0.539836 0.0921196 -0.836715 0.560123  0.80893 0.178589
0.576291 0.795253  0.18831  0.273035 -0.268833 -0.923678
 0.410329 -0.249274 -0.877207 0.426504  0.78622 0.447162
 0.209483 -0.454426 -0.865802  0.59947 0.786011 0.151074
 0.432992 -0.272941 -0.859082 0.403848 0.777787 0.481616
0.217502 0.720562 0.658395  0.765594  0.546528 -0.339372
 0.389262 -0.368406 -0.844246 0.441804 0.716769 0.539492
 0.636875 -0.144918 -0.757225 0.458568 0.654055 0.601604
 0.335675 -0.385336 -0.859557 0.513388 0.646825  0.56396
 0.490143 -0.305412 -0.816384 0.491347 0.652634 0.576755
 0.826336  0.383832 -0.412118 0.499797 0.634879 0.589179
 0.770038  0.620995 -0.146313 0.517501 0.616327 0.593578
 0.715189  0.292923 -0.634587 0.467385  0.71754 0.516418
  0.81162  0.533756 -0.237437  0.49448 0.637911 0.590389
 0.730776  0.237085 -0.640123 0.450898 0.724387 0.521493
   0.4239  -0.27065 -0.864325 0.462291 0.721577 0.515377
0.813631 0.202998 -0.54479 0.482598 0.652615 0.584116
 0.426002 -0.263123 -0.865615 0.472163 0.721408 0.506588
0.162248 0.786038 0.596506   0.970119   0.242067 -0.0165073
 0.892449  -0.24171 -0.380934 0.453451 0.763124  0.46046
 0.491001 -0.613923 -0.618074 0.441797 0.767614  0.46431
 0.892779 -0.235213 -0.384215 0.427341 0.771905 0.470683
 0.861891 -0.325899 -0.388501 0.446983 0.749468 0.488369
 0.343494 -0.707066 -0.618118 0.236707 0.779367 0.580135
0.326716 0.770831 0.546878  0.405985 -0.713198 -0.571423
-nan -nan -nan -nan -nan -nan
0.952238  0.26102 0.158468 0.197529 0.759415 0.619896
0.487686 0.668898 0.561015 0.00598235  0.71407 0.700048
 0.919235 -0.259756  -0.29586 0.329132 0.703429 0.629967
 0.69759 0.584567 0.414306 0.106394 0.726496 0.678884
  0.88988 -0.286056 -0.355365 0.190698 0.784832 0.589637
0.164075 0.805232 0.569807  0.949016  0.303721 0.0843995
 0.966855  -0.12757 -0.221172 0.196537 0.786224 0.585855
  0.992161   0.117793 -0.0417291 0.019496 0.790098  0.61267
0.858775 0.258313 0.442471 0.315338 0.563662 0.763445
  0.33027 -0.491756 -0.805666 0.387368 0.621387 0.681047
  0.817876 -0.0468505  -0.573484 0.340141 0.528013 0.778143
0.839192 0.493331  0.22887 0.286985 0.583416  0.75978
0.00342424 -0.355805 -0.934554 0.513021 0.424241  0.74621
0.715275 0.33989 0.61062 0.346612 0.360241 0.866075
0.709896 0.379542 0.593292 0.332638 0.424452 0.842136
 0.971869 0.0956685 -0.215214 0.447882 0.425656 0.786269
 0.297241 -0.242903 -0.923388 0.522585 0.520148 0.675538
 0.868384  0.249942 -0.428298 0.443904 0.596663 0.668538
0.0427051 -0.511382 -0.858292 0.504323 0.577771 0.641746
 0.923192  0.253642 -0.288761 0.444819 0.574582 0.687016
0.134173 0.581337 0.802524 0.542977  0.48254 0.687264
 0.923224  0.382218 0.0395759 0.325153 0.498669 0.803496
0.116353 0.437328 0.891743 0.561429 0.425668 0.709651
0.683569 0.372223  0.62784 0.320572 0.503645 0.802232
 0.914431  0.374073 -0.154551 0.376299 0.717505 0.586162
  0.90178  0.378418 -0.208788 0.399381  0.67154 0.624123
 0.879193  0.194012 -0.435178 0.387883 0.732949 0.558867
 0.882626 0.0973122 -0.459893 0.397667 0.717241 0.572212
0.254352 0.768814 0.586711 0.739743 0.659883 0.131661
0.869889 0.373202 -0.32251 0.113246 0.724204 0.680223
  0.900066   0.435469 -0.0157383 0.373346 0.757648 0.535334
0.328716 0.757711 0.563755  0.570901 -0.309978 -0.760254
 0.939241  0.325373 -0.109359  0.36744 0.766499 0.526751
0.836637 0.496107 0.232197 0.463543 0.745241 0.479317
0.350829 0.767395 0.536679  0.951923  0.262696 -0.157588
0.400958 0.760713  0.51044  0.955967  0.193454 -0.220689
 0.916747  0.374105 -0.140073 0.377146 0.763679  0.52398
   0.838068 -0.00553644   -0.545538 0.368015 0.764737 0.528907
0.517974 0.742809 0.424191  0.535898  -0.44696 -0.716268
0.366509 0.764769 0.529906   0.901446   0.424075 -0.0869168
0.961637 0.176862  -0.2097 0.353602 0.764478 0.539017
0.915482 0.400392 0.039737 0.0946176 0.797977 0.595214
 0.813215 -0.331764 -0.478136   0.3926 0.755522 0.524454
0.294214 0.774701 0.559711   0.963401    0.25808 -0.0724855
 0.353982 -0.671954 -0.650518 0.451343 0.668628 0.590954
0.757615 0.566096 0.324891 0.229647 0.661748 0.713689
  0.15824 -0.671992 -0.723455 0.488676 0.581796 0.650161
 0.987412 0.0906583  0.129612 0.299865 0.639835 0.707596
 0.614964 -0.300053 -0.729238 0.433781  0.63322 0.640988
0.922801 0.316282 -0.22001 0.407515  0.65769 0.633542
  0.897171   0.439887 -0.0397897 0.369558  0.71397 0.594705
  0.729182 -0.0978696  -0.677285  0.42224 0.657992 0.623505
 0.684257 -0.347562 -0.641088 0.403252 0.714768 0.571397
 0.424965 -0.600142 -0.677668 0.447783 0.688605 0.570363
 0.206604 -0.609623 -0.765294 0.472933 0.629477 0.616516
 0.500313 -0.545625 -0.672295 0.414608 0.695682 0.586623
0.667255 0.534081 0.519162   0.25397 -0.866126 -0.430493
0.701074 0.498022 0.510362 0.000489346 0.886908 0.461946
-nan -nan -nan -nan -nan -nan
0.513133 0.690181  0.51024  0.162304 -0.894281 -0.417035
 0.957289 -0.032817  0.287266 0.0229148 0.904921 0.424963
       0 0.899539  0.43684  0.855582 -0.517667         0
 0.922035 0.0998547  0.374006  0.252408 -0.896164 -0.364938
  0.89495 -0.437641 0.0868057 0.361706  0.79668 0.484221
0.920609 0.100818 0.377245 0.0162168 -0.857242 -0.514658
  0.93106 0.0601435  0.359875 0.0223034 0.783547 0.620932
0.834014 0.302578 0.461375 0.00135723  -0.82789 -0.560889
0.871823 0.277519 0.403619 0.0163307 0.826037 0.563379
0.788946 0.415132 0.453023 0.024474 0.859704 0.510206
 0.947905 0.0318029   0.31696 0.0261262 0.904897 0.424829
0.869603 0.279139 0.407273 0.0265501 -0.880506 -0.473291
0.898098 0.172085  0.40473  0.183879 -0.887985 -0.421511
0.634906 0.433081 0.639793  0.025556 -0.671687 -0.740394
 0.980643 -0.147142  0.129187 0.197003 0.635299 0.746716
 0.854459 0.0904022  0.511593 0.0236414 -0.566588 -0.823662
 0.915306 -0.365632 -0.168902 0.208037  0.62655 0.751103
 0.877987 -0.183425 -0.442147 0.239909 0.411556 0.879241
 0.174203 -0.336083 -0.925582  0.19771 0.367387 0.908811
0.852237 0.261138 0.453319 0.244916 0.405811  0.88053
0.810691  0.29383 0.506403 0.243407 0.410316 0.878859
0.703524 0.384985 0.597361 0.182259 0.538924   0.8224
0.503942 0.547754 0.667838 0.0216183 -0.657196  -0.75341
   0.868673 -0.00228785    -0.49538 0.282194 0.590313 0.756239
 0.992988 -0.117755 0.0104398 0.254117 0.608265 0.751956
0.465878  0.56499 0.680987 0.0253501 -0.532414 -0.846104
0.420289 0.423757 0.802364 0.0453378 -0.449527 -0.892116
 0.989559 0.0460228  0.136586 0.254836 0.519034 0.815882
 0.372642 -0.346815 -0.860731 0.311267 0.505871 0.804492
0.795305  0.47912 0.371396 0.151903 0.739895 0.655348
 0.205214 -0.727473 -0.654729 0.383356  0.67485 0.630568
  0.996503 -0.0595252 -0.0586403 0.221843 0.755908 0.615946
 0.864867 -0.417121 -0.279311 0.291523 0.716959 0.633234
0.0736699 0.808541  0.58381 0.637658 0.620178 0.456915
0.708901 0.554244 0.436203 0.0813403 0.797968 0.597186
0.740424 0.482513 0.467925 0.0685411 0.818405  0.57054
0.238573 0.781161 0.576949  0.895941 -0.360346 -0.259694
0.747657 0.470037 0.469121 0.0233224 -0.849799  -0.52659
0.561649 0.599526 0.570191  0.15312 0.831724 0.533657
0.358229 0.742621 0.565849  0.659104 -0.676375 -0.328782
  0.2809 0.788429 0.547243  0.567497 -0.745045 -0.350508
0.675931 0.592452 0.438312 0.215152 0.790796 0.573019
 0.987606 0.0967867  0.123559 0.196975 0.785768 0.586318
0.496641  0.70251 0.509732  0.547581 -0.717375  -0.43073
0.647406 0.594347 0.477093 0.0483616 0.805683 0.590369
 0.71175 0.527186 0.464207 0.111816 0.818399 0.563666
0.759524 0.468783  0.45096  0.322134  -0.85834 -0.399353
0.689248 0.546326 0.475884 0.0454965 0.839687 0.541162
0.719448 0.491283 0.490954 0.0202233 -0.845075 -0.534266
0.737528 0.475784 0.479251 0.0118147 0.796061 0.605101
0.842351 0.318798 0.434526 0.0213757 0.739231 0.673112
  0.93405 -0.335938 -0.121226 0.207622 0.700547 0.682734
  0.968143  -0.249713 -0.0185044 0.199545 0.704219 0.681364
0.492977  0.66046 0.566363 0.0211473 -0.657886 -0.752821
  0.973578   -0.22502 -0.0388737 0.273825 0.668791 0.691186
  0.4996 0.685132 0.530088 0.0132642 0.748887 0.662565
0.930734   0.3445 0.122694 0.207657 0.672902 0.709987
0.603055 0.586682 0.540489 0.0409426 0.784613 0.618632
0.949842 0.123107 0.287481 0.151003 0.772196  0.61718
0.509102 0.597552 0.619473 0.0817377 -0.743062 -0.664212
0.952115 0.153486 0.264422 0.167524 0.763815 0.623316
  0.921348 -0.0532166   0.385079  0.107231  -0.91434 -0.390491
-nan -nan -nan -nan -nan -nan
0.752561 0.420578 0.506721 0.475225 0.732927 0.486805
  0.83315 -0.530481   0.15637 0.0125815 0.935798 0.352311
 0.708898 -0.704485 0.0341238 0.118538 0.914647 0.386485
 0.947124 -0.282073  0.152941 0.632724 0.63619  0.4415
 0.885625 -0.404446  0.228237   0.16273 -0.923393 -0.347657
 0.775966 -0.624674 0.0875138 0.288966 0.854174 0.432301
 0.899478 -0.303911  0.313971  0.225934 -0.881771 -0.414046
 0.905801 -0.172634   0.38694  0.394661  -0.81025 -0.433287
 0.904483 -0.136252  0.404161  0.178048 -0.859394 -0.479313
0.848102 0.171775 0.501215  0.419462 -0.839046 -0.346487
0.920084 -0.14098 0.365473  0.168947 -0.915139 -0.366029
  0.917366 -0.0719006   0.391498 0.255037 0.869832 0.422314
 0.912156 -0.309709  0.268426  0.105133 -0.919189 -0.379525
 0.905537 -0.262941  0.332965  0.221061 -0.918628 -0.327498
    0.91857 -0.00393889    0.395238  0.266624 -0.674656 -0.688295
 0.915518 -0.373118  0.150364  0.238669  -0.67984 -0.693437
  0.813336 -0.0617096   0.578513  0.448668 -0.575497  -0.68374
 0.914949 -0.403184  0.017647  0.191959 -0.657421 -0.728663
  0.81851 0.0460221  0.572645  0.259977 -0.406132 -0.876053
 0.530046 -0.347023  -0.77371  0.263772 -0.370051 -0.890779
0.895522 0.180943 0.406571  0.191976 -0.410208 -0.891557
  0.59817 -0.346541 -0.722566 0.00557714 -0.374901 -0.927048
0.968514 0.122471 0.216753 0.017981 0.568708 0.822343
0.876429 0.293966 0.381387  0.118527 -0.678057  -0.72539
0.831759 0.257687 0.491705  0.255295 -0.649979 -0.715787
 0.976135 0.0311956  0.214914 0.0555448 -0.647141 -0.760344
 0.73541 0.332549 0.590409  0.301669 -0.643654 -0.703353
0.361383 0.375936 0.853273  0.469738 -0.490293 -0.734138
 0.965462  -0.22136 -0.137413 0.0111437  -0.50613 -0.862385
 0.993811 -0.102012 0.0439782  0.190768  -0.51459 -0.835945
  0.8988 0.239749 0.366986 0.0277045 0.841986 0.538787
0.815953 0.364144  0.44902 0.0331092 -0.790211 -0.611939
0.823985 0.345098 0.449394 0.00981116 -0.855659 -0.517447
0.863392 0.252948 0.436545 0.00699575 -0.848032 -0.529898
 0.938224 0.0709119  0.338686  0.019596 -0.894357 -0.446925
-nan -nan -nan -nan -nan -nan
0.0861632 0.889611 0.448519 0.000878074 0.907577 0.419885
0.321221 0.811702 0.487808  0.362442 -0.886825 -0.286667
-nan -nan -nan -nan -nan -nan
 0.143235 -0.950291 -0.276461   0.43104 -0.894443 -0.119059
0.875767 0.274965 0.396769 0.0617358 0.883904 0.463576
0.353134 0.831234 0.429357 0.0393852 -0.938939 -0.341823
0.671789 0.563618  0.48066 0.00555741 -0.893614 -0.448802
0.913953 0.127342 0.385323 0.0206838 -0.889164  -0.45712
0.389263 0.790496 0.472853 0.0423211 -0.924241 -0.379456
0.753552  0.44246 0.486198 0.00701918 -0.887132 -0.461463
0.813779 0.398797 0.422759 0.0519955 0.888634  0.45566
0.882736 0.242991 0.402161  0.125221 -0.955726 -0.266286
0.905313 0.14458 0.39938 0.0375166 -0.901502 -0.431147
 0.938751 0.0317708  0.343128 0.017536 0.895899 0.443912
0.586678 0.523741  0.61766  0.408465 -0.822625  -0.39553
0.873374 0.112528 0.473873  0.332563 -0.781219 -0.528298
0.814231 0.243695 0.526916  0.287263 -0.760613 -0.582192
 0.870905 0.0560413  0.488245  0.319491 -0.782104 -0.535013
 0.974493 -0.100462  0.200678 0.0776067 -0.752706 -0.653767
0.890447 0.204884 0.406359 0.0385322 -0.773449 -0.632686
0.921351  0.16786 0.350623 0.0240258 0.837889 0.545312
 0.969452 0.0664237  0.236114 0.0458181 -0.771436 -0.634656
  0.97347 -0.196435  0.117346 0.0702839 0.830337 0.552811
 0.951386 -0.204994  0.229873 0.0328955  -0.83249 -0.553062
 0.919335 0.0709835   0.38702  0.193572 -0.763646 -0.615934
  0.849244  -0.524506 -0.0606467  0.12122 0.798526 0.589628
 0.510585 -0.817321    -0.267  0.904312 0.0647326  0.421936
   0.84972  -0.526936 -0.0177414 0.458324 -0.83516 -0.30405
 0.922309 -0.363869  0.130176  0.418058 -0.843123 -0.338187
 0.549537 -0.800252 -0.240013 0.841707 0.225756 0.490473
 0.864281 -0.502215 0.0282643  0.405999 -0.837057 -0.366743
   0.777277   -0.629086 -0.00953415 0.168268 0.760358 0.627329
  0.29282 -0.868792 -0.399321  0.824465  -0.56207 0.0658397
0.331128 -0.84808 -0.41366  0.853805 0.0654627  0.516461
 0.854286 -0.504121  0.126717  0.398227  -0.81713 -0.416791
0.879124  -0.3412 0.332751  0.508446 -0.745658 -0.430671
  0.89377 -0.409815  0.182284  0.430329 -0.807794 -0.402847
 0.872719 -0.469338  0.134473  0.407644 -0.811029 -0.419594
 0.866342 -0.484604  0.120875  0.365713 -0.859683 -0.356651
 0.689255 -0.713588 -0.125379 0.818305 0.222707 0.529885
 0.865697 -0.485175  0.123184  0.320178 -0.864366  -0.38776
 0.575333 -0.788219 -0.218408 0.879417 0.087004 0.468035
 0.816448 -0.178921  0.548998  0.576182 -0.614495 -0.538897
 0.854196 -0.176274   0.48916  0.606846 -0.653212 -0.452828
  0.839544 -0.0986728   0.534255  0.677017 -0.542718 -0.497096
 0.776161 0.0888506  0.624244  0.650742 -0.606991 -0.456176
 0.901673 -0.154192  0.403994  0.710163 -0.397456 -0.581118
    0.96773   -0.251986 -0.00153337 0.0752942 -0.291717 -0.953536
  0.917867 -0.0319099   0.395604  0.686918  -0.39158 -0.612216
0.520187 0.126742 0.844596  0.725865  -0.38327 -0.571161
 0.970695 0.0589389  0.232976  0.430139 -0.569205 -0.700704
0.571865  0.40979 0.710664   0.60845 -0.643354 -0.464633
 0.886253 -0.431613 -0.168127  0.300461 -0.699342 -0.648571
  0.6516 0.357646 0.668959  0.552307 -0.662423 -0.506115
 0.797474 -0.564616 -0.212705   0.42259 -0.599781 -0.679471
 0.818174 0.0366333  0.573803  0.688546  -0.50306 -0.522336
 0.886743 -0.378229 -0.265765  0.469639 -0.474314 -0.744625
0.173511 0.270583 0.946931  0.666716 -0.502951 -0.550028
  0.954355 -0.0990424   0.281775  0.393016  -0.83074 -0.394221
 0.938708 -0.105982  0.328017  0.285473 -0.816799 -0.501343
  0.93132 -0.316139  0.180831  0.341271 -0.868957 -0.358395
 0.852709 -0.512578  0.100753  0.319875 -0.849109  -0.42035
0.902203 0.181973 0.391044 0.143591 0.889348 0.434098
0.829068 0.356482 0.430774  0.900269 -0.415644  0.129444
0.882486  0.24749 0.399959  0.302052 -0.909102 -0.286877
 0.819053  -0.57229 0.0404426 0.168979 0.882979 0.437944
  0.751322  -0.653498 -0.0919533   0.15438 -0.921125 -0.357345
  0.73259 -0.669563 -0.122463  0.504175 -0.823473 -0.260193
 0.885477 -0.459525 0.0690539 0.218137 0.829816 0.513635
  0.770629  -0.636146 -0.0380698 0.912359 0.123525 0.390311
 0.906337 -0.380978  0.182783  0.431943 -0.857435 -0.279697
 0.85177 -0.50933 0.122768  0.221913 -0.904506 -0.364175
0.605149 0.622239 0.496601 0.0116001 0.911416 0.411322
 0.954926 -0.094654  0.281349 0.0243228 0.894556 0.446293
 0.908539 -0.375668   0.18284  0.435721 -0.849585 -0.297241
 0.688564 -0.714588 -0.123462 0.868929 0.209855 0.448245
 0.920533 -0.328603  0.211278  0.398783 -0.854842  -0.33199
  0.804707   -0.59309 -0.0262811 0.235473 0.804911 0.544675
  0.89599 -0.407108  0.177386  0.435249  -0.80591 -0.401333
0.776778 0.110385 0.620025  0.570785 -0.708286 -0.415373
  0.805508  -0.591071 -0.0423266  0.437642  -0.73439 -0.518788
  0.88721 -0.445791  0.118866   0.47207 -0.724432 -0.502343
0.646542 0.419993 0.636859  0.555487 -0.717495  -0.42028
 0.903418 -0.351225  0.245922  0.360997 -0.773659 -0.520705
 0.933747 -0.135722  0.331203  0.437072 -0.813279 -0.384117
  0.943145 -0.0169442   0.331949  0.455548 -0.748907 -0.481263
  0.922894 0.00973441    0.38493  0.451724 -0.805878 -0.382762
 0.935874 -0.205702  0.286052  0.446999 -0.805269 -0.389531
    0.9166 -0.0298688   0.398689  0.501714  -0.74042 -0.447282
 0.932302 -0.133179  0.336268  0.449553 -0.804449 -0.388282
 0.549921 -0.791717 -0.266029   0.796577 -0.0861642   0.598365
 0.873343 -0.461267  0.156537  0.598366 -0.764958 -0.238322
 0.854407 -0.323241  0.406821  0.561004 -0.778974 -0.280131
 0.567968 -0.777913 -0.268817  0.843072 -0.266948  0.466871
 0.761965 -0.122628  0.635902  0.545033 -0.783027  -0.29968
-nan -nan -nan -nan -nan -nan
 0.454971 -0.801304 -0.388476  0.759852 -0.293407  0.580119
 0.435613 -0.784792 -0.440843  0.769109 -0.346223  0.537216
 0.722895 -0.276745  0.633115  0.569433 -0.753936 -0.327607
 0.701913 -0.234628  0.672509  0.664193  -0.68145 -0.307367
 0.815273 -0.471003  0.336876  0.576038 -0.736235 -0.355158
  0.648558 -0.0114191    0.76108  0.606129 -0.732139 -0.310772
 0.808527 -0.497422  0.314413  0.515093 -0.799461 -0.309096
 0.552891 -0.781983 -0.287775   0.723562 -0.0466178   0.688683
 0.764197 -0.617309  0.186906   0.41802 -0.797864 -0.434363
 0.573864 -0.783296 -0.239012  0.787494 -0.201627  0.582409
 0.602995 -0.242272  0.760067   0.73767 -0.564736 -0.370022
 0.635008 -0.118638  0.763341  0.743884 -0.599624 -0.295106
  0.69597 -0.145672   0.70314  0.802064 -0.510142 -0.310561
  0.649532 -0.0162418   0.760161  0.768615 -0.565444 -0.299172
 0.846217 -0.254293  0.468244   0.84285 -0.407526 -0.351464
   0.335771 0.000521703    0.941944  0.796398 -0.339502 -0.500487
  0.44527 -0.353127 -0.822822  0.857354 -0.401244 -0.322409
 0.822712 -0.219632  0.524315  0.844078 -0.403014 -0.353713
 0.961116 -0.268127 0.0660608  0.658668 -0.542193 -0.521712
  0.926818 -0.0500163   0.372165  0.628145 -0.639641  -0.44305
 0.90537 -0.34204 0.251624  0.648403 -0.612085 -0.452687
0.608279 0.221463 0.762201  0.690754 -0.593339 -0.413289
  0.830172   -0.55744 0.00870998  0.674161 -0.550086 -0.492862
  0.734056 -0.0970787   0.672115   0.81095 -0.485603 -0.326419
 0.892272 -0.428647 -0.141816  0.710755  -0.44137 -0.547741
 0.266682 -0.246346 -0.931769   0.80442 -0.484213 -0.344161
0.699514  0.24818 0.670139  0.553005 -0.767351 -0.324588
  0.893703 0.00775626   0.448592   0.56122 -0.728354 -0.393106
0.773376 0.244026 0.585099   0.48492 -0.799287 -0.354956
0.809008 0.073844 0.583141   0.51808 -0.777544 -0.356397
 0.550435 -0.806447 -0.216021 0.315171 0.698867 0.642069
0.179025 0.722849 0.667412    0.743624   -0.668536 -0.00912615
0.701083 0.283617 0.654251  0.596411 -0.786069 -0.162449
0.154425 0.780145 0.606239  0.803428   -0.5918 0.0653931
 0.918837 -0.263249  0.294003  0.383624 -0.855723 -0.347233
 0.894211 -0.163444   0.41674  0.625216 -0.758898  -0.18215
  0.716005  -0.695433 -0.0609045 0.237902 0.689715 0.683883
   0.70157  -0.708363 -0.0775961   0.849653 -0.0450523   0.525414
 0.867075 -0.333372  0.370194  0.460622 -0.827011 -0.322305
0.794108 0.128754 0.593982    0.4356 -0.840385   -0.3225
 0.890347 -0.235438  0.389681  0.420151 -0.850433 -0.316603
  0.708632  -0.702771 -0.0628744 0.138037 0.770473 0.622348
 0.846802 -0.421972   0.32383    0.5181 -0.806033 -0.286154
  0.79626  -0.59921 0.0831689 0.0882801 0.730049 0.677669
0.844566 -0.30642 0.439106  0.515508 -0.801395 -0.303344
  0.729971  -0.682348 -0.0392775 0.0859636 0.729064 0.679025
 0.801871 -0.561065   0.20545  0.567848 -0.738527 -0.363493
0.536009 0.102986 0.837907  0.709521 -0.644998 -0.283827
0.801043 -0.58919 0.105764  0.621005 -0.655888 -0.429144
 0.805439 -0.435332  0.402186   0.65274 -0.652567  -0.38482
0.861464 -0.33156  0.38464  0.620267 -0.679609 -0.391664
0.668065  0.23743 0.705207  0.614907 -0.694248 -0.374044
 0.841012 -0.158703  0.517216  0.560886 -0.757153 -0.334854
0.718397 0.152089 0.678804   0.61712 -0.695241 -0.368515
    0.8282 -0.0904845   0.553079  0.568198 -0.753928 -0.329762
 0.854114 -0.459383  0.243838  0.558145 -0.747474 -0.360218
 0.874648 -0.411577  0.256115  0.608942 -0.680235 -0.408008
 0.846834 -0.415278   0.33229    0.5646  -0.74907 -0.346586
 0.620191 -0.768094 -0.159358  0.578402 -0.404255  0.708541
   0.657857   -0.753102 -0.00781634  0.241156 -0.649759 -0.720872
 0.664344 -0.468614  0.582279  0.586838   -0.7702 -0.249824
 0.654263 -0.755957 0.0216569  0.456345 -0.727296  -0.51263
      -0 0.290009 0.957024       -0 0.290009 0.957024
 0.418717 -0.423363  0.803393  0.547841 -0.699992 -0.458128
 0.615821 -0.761348 -0.202765  0.102562 0.0461549  0.993655
 0.632502 -0.753093 -0.181085 0.0459345 0.0940633  0.994506
0.0249269 -0.126174 -0.991695   0.65856 -0.741718 -0.127092
0.325396 -0.25366 0.910919  0.719716 -0.675281 -0.161257
 0.448656 -0.319334  0.834705   0.68022 -0.720778 -0.133345
 0.140688 0.0433113  0.989106   0.67636 -0.720424 -0.153386
 0.544583 -0.428106  0.721217  0.630305 -0.766457 -0.123531
  0.652557  -0.756224 -0.0479078  0.350819 -0.136958  0.926374
 0.644151 -0.709526  0.285731  0.578701 -0.740217 -0.342322
  0.637129  -0.764375 -0.0989855  0.479148 -0.314829  0.819329
 0.0376657 0.00360232   0.999284  0.811011 -0.559627 -0.170524
  0.31927 -0.254764  0.912777  0.792628 -0.591319 -0.148605
0.0129468 0.0186066 -0.999743   0.856964  -0.508168 -0.0858962
0.0107559 0.0754461  0.997092  0.819794 -0.562545 -0.107149
 0.557146 -0.254488  0.790458  0.900169 -0.400599 -0.170926
 0.889702 -0.333045  0.312267   0.89915 -0.336512 -0.279803
   0.51839 -0.0674199   0.852482  0.895805 -0.401803 -0.189968
 0.533527 -0.202176  0.821264  0.905079   -0.3922 -0.164348
 0.841188 -0.224422  0.491972   0.80666 -0.506684 -0.304256
  0.656164 0.00163283   0.754617  0.760215 -0.589971 -0.272044
  0.548034 -0.0597956   0.834316  0.796932 -0.558639 -0.229832
  0.492986 0.00417207   0.870027  0.793053  -0.55818 -0.243928
  0.17175 0.0116354  0.985072  0.820181 -0.541537 -0.184502
 0.274944 -0.224831 -0.934803    0.8798 -0.467491 -0.086045
 0.836284 -0.349659  0.422336  0.842058 -0.458029 -0.284864
 0.138997 -0.152359 -0.978502  0.864789 -0.467568 -0.183085
0.077114 0.434797  0.89722  0.686369 -0.710424 -0.155548
0.472314  0.18951 0.860817  0.705892 -0.665749 -0.241857
0.540676 0.121129 0.832464   0.58972 -0.751772 -0.295076
0.377094 0.179193 0.908675  0.663933 -0.718308 -0.207912
 0.609722 -0.776801 -0.157544    0.124  0.51628 0.847395
-nan -nan -nan -nan -nan -nan
0.774929 -0.49016 0.399033  0.749706 -0.630022  0.202518
 0.732933 -0.364311  0.574532 0.529655 -0.80015 -0.28147
 0.259281 -0.640015 -0.723294   0.652107  -0.757739 -0.0242366
  0.389497 0.00822132   0.920991  0.592352 -0.783456 -0.187926
 0.633507 -0.766009 -0.109083 0.309873 0.163321 0.936646
 0.282434 -0.689789  -0.66665  0.686825 -0.716111  0.124324
0.00666802 -0.500275 -0.865841   0.662057  -0.748746 -0.0325589
 0.331331 -0.757522 -0.562478 0.746952 -0.61097 0.262255
 0.637336 -0.760801 -0.122411  0.451559 0.0849447  0.888188
 0.628163 -0.768974 -0.118702 0.324101 0.236993 0.915856
 0.333341 0.0403526  0.941942   0.641838  -0.761819 -0.0876095
0.214154 0.190986 0.957947  0.501669 -0.767402 -0.399278
 0.441027 -0.169792  0.881287  0.635306 -0.764259 -0.110879
  0.642388  -0.761563 -0.0857813  0.326219 0.0495738  0.943993
 0.450722 -0.281142  0.847236  0.684694 -0.715109 -0.140757
  0.270842 -0.0930883   0.958112  0.743145 -0.651801 -0.151295
 0.327848 -0.147121  0.933205  0.750431 -0.640775 -0.162051
  0.33766 -0.220966  0.914964  0.741423 -0.651413 -0.161101
 0.136894  -0.41176 -0.900952  0.763194 -0.628541 -0.149905
0.201785 0.285141 0.937004  0.738836 -0.641579 -0.206149
 0.118936 -0.504423 -0.855226   0.70532 -0.699415 -0.115509
0.0797613 0.370972 0.925212  0.747327 -0.638037 -0.185502
 0.122891  -0.46709 -0.875628  0.701295 -0.705766 -0.100394
0.195295 0.087574 0.976827  0.688718 -0.714599 -0.122537
0.0453931 -0.292928 -0.955056  0.752334 -0.641565 -0.149624
 0.17654 0.153783 0.972206  0.693366 -0.708543 -0.131186
  0.635674  -0.769485 -0.0617369  0.163221 -0.475452  0.864468
 0.126659 0.0932851  -0.98755  0.559628 -0.792365  0.242845
 0.356817 -0.125376 -0.925723  0.564762 -0.801167  0.197927
 0.608455 -0.792601 0.0395689 0.0803519 -0.395965  0.914743
0.0577396  0.289176 -0.955533  0.577368 -0.798204  0.171802
 0.126422  0.294174 -0.947354  0.646981 -0.755642  -0.10208
  0.640035   -0.76405 -0.0811339  0.272394 -0.672287  0.688354
 0.573092 -0.799636  0.179298  0.561993 -0.336778 -0.755476
  0.49751 -0.180186 -0.848538  0.592719 -0.769821  0.236768
 0.343229 0.0445794 -0.938193  0.692996 -0.703266  0.158661
 0.314625 0.0234932 -0.948925  0.631667 -0.747642  0.205008
    0.3675 -0.0841865  -0.926205  0.651395 -0.745504    0.1411
 0.278433 0.0143094 -0.960349  0.577056 -0.787206  0.217516
0.380636 -0.72037 0.579812  0.583293 -0.479833 -0.655385
  0.42147 -0.137505 -0.896357  0.565043 -0.791722  0.232167
 0.656616 -0.716976 -0.234096  0.323136 -0.666714  0.671622
 0.741567 -0.285144 -0.607265  0.787162 -0.594287  0.164922
 0.267335 -0.459793  0.846831  0.809027 -0.586119 0.0440486
 0.501105 0.0311369 -0.864826  0.839318 -0.516954  0.168235
0.0455349 -0.301971  0.952229  0.809861 -0.582899 0.0659847
 0.563934 -0.374713  0.735914    0.922772   -0.385348 7.22153e-05
 0.910746 -0.291625 -0.292397  0.903438 -0.369446  0.217505
0.200904 -0.12176 0.972015  0.912178 -0.409659 0.0105719
 0.772808 -0.400873  0.492005   0.925326  -0.369484 -0.0851661
 0.264995 -0.112845  0.957624   0.859328  -0.506007 -0.0742467
0.0804037 -0.123568 -0.989073   0.803322  -0.592704 -0.0580987
 0.574475 -0.257347  0.777014   0.828772  -0.555379 -0.0684978
 0.365225 -0.292834  0.883662   0.820386  -0.567191 -0.0725349
 0.803402 -0.479509 -0.353011  0.836722 -0.519245  0.174015
 0.789079 -0.310506 -0.530037  0.869195 -0.459916  0.181596
  0.52458 -0.361276  0.770905   0.882125  -0.466677 -0.0637736
 0.679284 -0.375377  0.630607   0.884598  -0.464569 -0.0407705
 0.177539  -0.23307 -0.956116  0.680497 -0.717003   -0.1511
 0.073343 0.0346249  0.996706  0.724914 -0.676526 -0.129662
 0.421002 -0.374006  0.826363  0.621981 -0.720863 -0.305771
 0.155027 -0.156696  0.975404  0.680497 -0.717042 -0.150911
  0.635589   -0.76751 -0.0833944  0.395498 -0.522803 -0.755154
 0.489472 -0.586441 -0.645371    0.642093   -0.766573 -0.00906414
 0.503405 -0.555984 -0.661411   0.626545  -0.778288 -0.0413459
 0.606786 -0.760619 -0.230802 0.00481041 -0.0557585  -0.998433
 0.605276 -0.794422 0.0503397 0.0763058 -0.225936  0.971149
 0.490833 -0.450189 -0.745931  0.551547 -0.788172  0.273096
  0.628328  -0.777932 0.00503746  0.254482 -0.188717 -0.948486
 0.613685 -0.789092 -0.026912   0.163751 -0.0670715  -0.984219
 0.628221  -0.76041 -0.164669  0.254028 -0.295508 -0.920948
 0.515225 -0.578732  0.632149  0.572698 -0.708859 -0.411747
 0.460211 -0.564936 -0.684875  0.197923 -0.294248  0.935011
 0.626844 -0.754191 -0.195607  0.182984 -0.199941  -0.96257
 0.633064 -0.773506 0.0303041  0.148227 0.0145307 -0.988847
  0.608571  -0.793485 0.00478102  0.161646 0.0426773 -0.985926
  0.46232 -0.370328 -0.805678 0.582064 -0.77256  0.25368
 0.612008 -0.633514   -0.4734  0.436298 -0.676478  0.593313
 0.262424 0.0197116 -0.964751  0.664845 -0.733248  0.142579
 0.391046 -0.122366 -0.912201  0.724976 -0.669554  0.161576
 0.387251 -0.586449  0.711417    0.759754   -0.650149 -0.00898226
0.0972131 -0.380137  0.919807  0.754067 -0.655481 0.0415719
 0.653771 -0.591914 -0.471404  0.767428 -0.621769  0.156388
0.290232 -0.28675 0.912984  0.753593 -0.644172 -0.130922
 0.471411 -0.495998 -0.729217  0.696664 -0.717113 0.0201971
 0.189227 -0.249477 -0.949713   0.767872  -0.639975 -0.0283722
 0.676845 -0.678125 -0.286404  0.473711 -0.604971  0.640006
0.0836766 -0.305941  0.948366    0.687767   -0.725926 -0.00290149
 0.682439 -0.521168 -0.512505  0.717477 -0.676741  0.165073
0.0708407  0.132246 -0.988682  0.686857 -0.726463 0.0218801
 0.499066 -0.806721  0.316441   0.613093 -0.0386807  -0.789063
   0.3016  0.328315 -0.895124  0.574721 -0.791693  0.207165
 0.565207  0.107742 -0.817883  0.601838 -0.777758  0.181339
 0.498002 -0.795959  0.344156   0.57868 0.0250673 -0.815169
 0.449622  0.260919 -0.854261  0.465391 -0.801301  0.375935
-nan -nan -nan -nan -nan -nan
 0.316044 -0.783526  0.534979  0.762503 -0.202457 -0.614492
 0.540738 -0.790012  0.288935  0.479457  0.269348 -0.835208
  0.722048 0.00452964  -0.691828  0.542034 -0.761092  0.356283
 0.848399  -0.31211 -0.427559  0.554026 -0.707007   0.43954
 0.521285  0.210488 -0.827016   0.59193 -0.737192  0.325832
 0.800154 -0.309986  -0.51348  0.548783 -0.746097  0.377064
0.0859845  0.604523 -0.791934  0.665532  -0.74386 0.0611521
 0.498614 -0.799882  0.334026  0.627988 0.0107541 -0.778149
0.0021964 -0.67822 0.734855  0.572383 -0.782764  0.244252
 0.365177 -0.794325  0.485484  0.611576 0.0371483 -0.790313
 0.878187 -0.232029  -0.41827  0.724857 -0.573552  0.381604
 0.443374  0.160467 -0.881856  0.713002 -0.599621  0.363433
 0.366015  0.160557 -0.916654  0.787521 -0.503084  0.355975
 0.776476  -0.24735 -0.579571  0.708013 -0.586863  0.392822
 0.170711 -0.322502  0.931048  0.877258 -0.395026  0.272714
0.687017 -0.40372 0.604167  0.934662 -0.340848  0.101144
 0.746635 -0.138992 -0.650552  0.839707 -0.423199  0.340287
 0.481861 -0.411787   0.77346  0.920188 -0.369234  0.130078
0.0784561  0.162858 -0.983525  0.840829 -0.516807  0.160989
 0.634955 -0.252273 -0.730199  0.754005 -0.608749  0.246781
0.0155089 -0.290546  0.956735  0.789846 -0.578185  0.204563
 0.415827 0.0438228 -0.908387  0.783081 -0.581465   0.22064
 0.228958 -0.497049  0.836971  0.816873 -0.533129  0.220211
 0.714007 -0.135032 -0.686993 0.778518 -0.49437 0.386664
 0.375969 -0.450032  0.810011 0.880392 -0.44829 0.154745
 0.856415 -0.209856 -0.471714  0.792814 -0.485981  0.367788
  0.446323 -0.0517499  -0.893374 0.650812  -0.7431 0.155708
 0.316271 0.0533566 -0.947167  0.695511 -0.702573  0.150518
 0.350517 0.0247789 -0.936229  0.625132 -0.766447  0.147542
 0.278019  0.193166 -0.940953  0.653001 -0.742396  0.149792
0.525366 -0.80332 0.280478  0.653671  -0.48848 -0.578016
  0.437592 -0.0788221  -0.895712  0.551861 -0.798728  0.239756
 0.576337 -0.197762 -0.792922  0.575197 -0.793766  0.197696
 0.519973 -0.791874  0.320256  0.570985 -0.286897 -0.769198
 0.390297  0.114407 -0.913553  0.580119 -0.794211  0.180807
   0.542637 -0.00310859   -0.839962  0.583548 -0.790277  0.186906
0.524684   -0.805 0.276914  0.671042 -0.343381 -0.657109
 0.527725 -0.796131   0.29611   0.59432 -0.165286  -0.78706
 0.597987 -0.243097 -0.763751  0.588983 -0.794129  0.149861
 0.644223 -0.423804 -0.636684  0.532247 -0.800432  0.275722
 0.629845 -0.775141 0.0495114  0.436992 0.0185702 -0.899274
 0.559452 -0.801104  0.212711  0.648812  -0.37649 -0.661286
 0.456176  0.106192 -0.883531  0.600558 -0.786671  0.143104
 0.524141 -0.798994  0.294762  0.624877 -0.137739 -0.768477
0.481367 0.123041 -0.86784  0.577017 -0.792533  0.197342
 0.526288 -0.803214  0.279049  0.615164 -0.120824 -0.779086
0.0775843  0.551702 -0.830425  0.658645 -0.716087  0.231098
 0.817547 -0.424277 -0.389365  0.609357 -0.672066  0.420727
 0.117261 -0.571734  0.812016  0.746892 -0.624497  0.228375
  0.753578 -0.0583489  -0.654763 0.658565  -0.6583 0.364601
 0.500831   -0.0186 -0.865345  0.712202 -0.657822   0.24503
   0.2719  0.211631 -0.938766  0.728702 -0.665483  0.161633
 0.332883  0.159895 -0.929313  0.668787 -0.726294  0.158811
  0.466271 -0.0631072  -0.882388  0.705916 -0.670678  0.227755
  0.571393 -0.0929098    -0.8154  0.639932 -0.735042  0.224055
 0.178881  0.410916 -0.893952  0.649152 -0.730613  0.211674
0.0304833  0.400523 -0.915779   0.72529 -0.655384  0.210775
   0.55702 -0.0355302  -0.829738  0.638015 -0.731769  0.239691
 0.113036 -0.717345  0.687488  0.780966 -0.617523 0.0935794
  0.850172  -0.519119 -0.0878839  0.517734 -0.773372  0.365852
 0.901741 -0.382811 -0.200797  0.541494 -0.763946  0.350957
0.25222 -0.7909 0.55755  0.809058 -0.587293 0.0226298
 0.921912  -0.31938 -0.219262  0.614086 -0.732056  0.294945
  0.868832  -0.494938 -0.0129106  0.496062 -0.780976  0.379472
  0.44588  0.482578 -0.753863   0.881082  -0.472921 0.00634005
 0.663254 -0.708105  0.242243  0.923492 -0.250484 -0.290552
 0.728376  0.232638 -0.644475  0.728861 -0.588235  0.350344
 0.591157   0.30596 -0.746272  0.713294 -0.537279  0.450048
0.529063 0.309521 -0.79012  0.717481 -0.618413  0.320604
 0.412495  0.461383 -0.785477 0.747578 -0.57731 0.328391
 0.835503 0.0428635 -0.547812  0.642604 -0.695441  0.321592
  0.19677 -0.791213   0.57902    0.86392  -0.501326 -0.0481072
 0.652602  0.340455 -0.676906  0.712625 -0.644304  0.277556
 0.180217  0.616281 -0.766629  0.812027 -0.576976 0.0878141
  0.16489  0.323739 -0.931668  0.750492 -0.511055  0.419028
 0.851392 0.0935263 -0.516124 0.645486 -0.49499 0.581664
 0.611921   0.21084 -0.762298  0.701848 -0.423482  0.572776
 0.125528 -0.483891  0.866079  0.807087 -0.429228  0.405432
 0.287396 -0.383013  0.877898  0.820721 -0.348473  0.452752
 0.388272 -0.441253  0.809037  0.954512 -0.115194 -0.275023
0.0514499  0.281318 -0.958234  0.825866 -0.405738  0.391563
 0.547923 -0.396852  0.736403   0.97403  -0.22417 0.0318315
 0.514519 0.0623735 -0.855208  0.762542 -0.507935  0.400664
 0.825501 -0.275933 -0.492351  0.665531 -0.606518  0.434976
 0.792099 -0.173689 -0.585159  0.686805 -0.553489  0.471114
 0.578666  0.122683 -0.806284  0.741176 -0.544083  0.393233
 0.665288 0.0501082 -0.744904  0.715123 -0.518298  0.469006
 0.212574 -0.406479  0.888587  0.819548 -0.379187  0.429603
 0.217334  0.296098 -0.930103   0.81167 -0.436384  0.388279
 0.237208  0.205873 -0.949394  0.773777 -0.447699  0.448146
 0.802312 -0.236083 -0.548233  0.592685 -0.729038  0.342385
  0.710146 -0.0505937  -0.702234  0.603532 -0.702061  0.377968
 0.507528  0.257544 -0.822245  0.582203 -0.754661  0.302533
 0.779613 -0.024623 -0.625778 0.541491 -0.73434 0.409307
 0.205659 -0.764184  0.611332  0.653661 -0.742311  0.147316
-nan -nan -nan -nan -nan -nan
 0.658261 -0.730578  0.181518 0.424618 -0.79083 0.440781
 0.250101 -0.767957  0.589654  0.808783 -0.543322 -0.225102
 0.710805 -0.693071  0.120034  0.441385 -0.790149  0.425258
  0.788705  -0.614698 0.00950867  0.492109 -0.780927  0.384683
 0.183878  0.582116 -0.792042   0.67437 -0.713059  0.191761
0.0517006 -0.737135  0.673765  0.677503 -0.713294  0.179445
 0.850637 -0.500373  -0.16138  0.459972 -0.771932  0.438802
 0.216301  0.566083 -0.795465   0.60206 -0.754221  0.262058
  0.4342 -0.79057 0.431821  0.660674 -0.729454  0.177219
0.0347794  0.665388 -0.745687  0.646176 -0.736585  0.199747
 0.887467 -0.389464 -0.246414  0.504765 -0.754946  0.418652
 0.378718 -0.791117  0.480319  0.767404 -0.638222 0.0613421
 0.891954 -0.313312 -0.325965  0.592588 -0.726506   0.34789
 0.820767 -0.121695  -0.55815  0.656846 -0.712456    0.2469
0.447852 0.362447 -0.81735 0.690457 -0.63009 0.355326
 0.102678  0.541067 -0.834688  0.779996 -0.505554   0.36881
 0.727655  0.035621 -0.685017  0.679793 -0.586567   0.44025
 0.147996  0.445414 -0.883008  0.740804 -0.568776  0.357355
 0.725558 0.0384094 -0.687088    0.6706 -0.613606  0.416875
  0.827139 -0.0964718  -0.553655  0.619681 -0.658266  0.427413
  0.801176 -0.0634906  -0.595051  0.588217 -0.701761   0.40191
 0.767457 -0.172819 -0.617368  0.642681 -0.656211   0.39541
 0.832823 -0.254453 -0.491589  0.619434 -0.696813  0.361598
 0.686429 0.0427221 -0.725941  0.659123 -0.665791  0.349684
 0.767287 -0.128352 -0.628328  0.664204 -0.613031  0.427815
 0.843654 -0.127481 -0.521534  0.626032 -0.674079  0.392047
 0.886865 -0.368094  0.279243  0.282294  0.702495 -0.653308
 0.113803 -0.777454  0.618558  0.947751 -0.305842 0.0907106
 0.988271 -0.152707        -0  0.988271 -0.152707        -0
 0.983275 0.0419523 -0.177231  0.356006  0.696992 -0.622465
 0.990868 -0.134835         0  0.990868 -0.134835         0
0.993926 -0.11005       -0 0.993926 -0.11005       -0
 0.587835 -0.647638  0.484783  0.294394  0.744911 -0.598698
  0.71045 -0.588024  0.386639  0.277162  0.748463 -0.602482
 0.924705  0.301531 -0.232379 0.0712112  0.746794 -0.661232
 0.890207  0.354095 -0.286616 0.00341217  0.678032 -0.735025
 0.804989  0.452995 -0.383129 0.0543071 -0.696705  0.715299
 0.944397  0.232009 -0.232992 0.0232695   0.69976 -0.713998
 0.638347  0.547236 -0.541338   0.14817 -0.738328  0.657965
 0.888917 -0.405443  0.213173  0.360932  0.703043 -0.612747
 0.736188  0.495637 -0.460837 0.0390337 -0.762408  0.645918
0.974139 0.15447 -0.1649    0.2016  0.743387 -0.637756
  0.966814 -0.0837423   0.241369 0.0353068 -0.564886  0.824413
 0.823049  0.412681 -0.390238  0.10933 -0.58837 0.801166
 0.985259 0.0351891  0.167408 0.0431734 -0.537235  0.842327
  0.97541  0.182159 -0.124067 0.0904431 -0.558545  0.824528
 0.666909 -0.324898  0.670577 0.0094779  0.487064 -0.873315
-nan -nan -nan -nan -nan -nan
0.636191 -0.36494 0.679765  0.295851  0.383164 -0.875018
 0.436813 -0.392458  0.809427  0.971035 0.0611188 -0.230988
 0.395423  0.383701 -0.834514  0.667801 -0.413133  0.619164
0.635916 0.289234 -0.71551  0.623018 -0.496655  0.604303
 0.854432   0.21509 -0.472951  0.364842 -0.502248  0.783988
 0.416135  0.403194 -0.815025  0.665207 -0.431356  0.609452
  0.88468 -0.244832  0.396735 0.0838215 -0.508784  0.856804
 0.668321 -0.325968   0.66865  0.016133  0.488617 -0.872349
  0.40396  0.386805 -0.828975  0.620845 -0.390009  0.680033
 0.889463  0.225672 -0.397401  0.333011 -0.461838  0.822076
  0.52774  0.453865 -0.717981  0.667546 -0.557632  0.493385
 0.728938  0.229899 -0.644823  0.628241 -0.559954  0.540153
 0.703334  0.270471 -0.657394  0.712026 -0.593575  0.375083
  0.43312  0.471312 -0.768291  0.742652 -0.531317  0.407639
0.311809 0.585842 -0.74804   0.90161 -0.432542 0.0027012
  0.927689 -0.0328322  -0.371908  0.291312 -0.815616  0.499908
 0.868491  0.177515 -0.462831  0.298355 -0.809093  0.506312
0.0773046  0.772996 -0.629683 0.953256 -0.19789 -0.22835
   0.953446 -0.00168641   -0.301558 0.0294095  0.790746 -0.611437
 0.773756  0.390386 -0.498899 0.00829619 -0.786505  0.617528
 0.289993 -0.695493  0.657415  0.849549  0.297848 -0.435378
 0.242437  0.748134 -0.617673  0.909459  0.225168 -0.349548
 0.151746 -0.696278  0.701549   0.962808 0.00192373  -0.270179
 0.203763  0.623378 -0.754905  0.899075 -0.429444 0.0850995
0.0646779 -0.801634  0.594306  0.933829 0.0558501 -0.353334
 0.496396  0.509255 -0.703029   0.86225 -0.468958  0.191321
 0.206559 -0.688214  0.695482  0.771303  0.417518 -0.480386
0.315368 0.732626 -0.60316  0.850823  0.370885 -0.372215
  0.993386 -0.0877676 -0.0740324 0.0591882   0.70894 -0.702781
 0.975416  0.156837 -0.154807  0.147178   0.70175 -0.697055
 0.924869  0.266697 -0.271089 0.0737111 -0.659932  0.747701
 0.949983  0.226791 -0.214703 0.0151603 -0.633395   0.77368
 0.860506  0.325138 -0.392193 0.211543   -0.58 0.78667
 0.976995   0.18616 -0.104042 0.0738536 -0.626581  0.775849
  0.994412  -0.037569 -0.0986529  0.238726 -0.568879  0.787011
 0.298269  0.474738 -0.828046 0.722884 -0.47705 0.499863
 0.256328 -0.619253  0.742173  0.939087  0.113864 -0.324268
0.985937 -0.16206 0.040809  0.178742 -0.578953  0.795528
 0.799969 -0.404494   0.44321  0.278315  0.622292 -0.731637
 0.555423  0.534547 -0.636997  0.328024 -0.639538  0.695263
 0.906151  0.243293 -0.345976  0.213793 -0.590713  0.778043
 0.974254 0.0950194  -0.20445   0.12145 -0.657281  0.743795
  0.939517 -0.0726905   0.334701  0.251561    0.7781 -0.575567
 0.934918  0.349116 -0.063604 0.0941984 -0.793636  0.601056
  0.934133 -0.0808558   0.347645  0.232416   0.81181 -0.535675
 0.128311  0.808642 -0.574138  0.973996 0.0780045  0.212716
 0.880945  0.462147 -0.101766  0.239591  0.801389 -0.548061
-nan -nan -nan -nan -nan -nan
  0.892446 -0.0996542   0.440011  0.353338  0.779006 -0.517978
 0.459239 -0.603656  0.651689 0.407264 0.782998 -0.47016
 0.948408 0.0986437  0.301318   0.26347  0.751771 -0.604503
0.956432 0.256859 0.138784  0.242837  0.702084 -0.669409
0.955275  0.18791 0.228341  0.227016  0.735132 -0.638784
 0.945367 0.0144727  0.325688  0.270292  0.736105 -0.620557
   0.915793     0.40164 -0.00270147   0.25226  0.778057 -0.575319
 0.810472  0.565192 -0.153925 0.0725025  0.806945 -0.586159
 0.945746 0.0234637  0.324058  0.251664  0.776383 -0.577836
  0.922526   0.385904 0.00495349  0.239139  0.776703 -0.582705
  0.886135 -0.0109533   0.463297  0.229753  0.625574 -0.745567
 0.947064  0.316896 0.0514348  0.209515  0.639623 -0.739585
  0.882051 0.00431562   0.471133   0.30238  0.593818 -0.745618
0.963208 0.143242 0.227402  0.234978  0.628782 -0.741228
 0.582621 -0.274189  0.765097   0.27376  0.535022 -0.799254
0.00270585 -0.515388  0.856953  0.737572  0.429171 -0.521344
   0.7367 -0.248172  0.629035  0.172852  0.498154 -0.849685
0.0115631  0.485547 -0.874134  0.910726  0.294371 -0.289697
   0.99154   0.129011 -0.0143223 0.0809338  0.546969 -0.833231
  0.968409 -0.0518827    0.24391  0.129989  0.608212 -0.783059
  0.980076   0.198511 0.00663444  0.137962   0.61234 -0.778464
 0.923971 -0.130339  0.359567  0.149676  0.605813 -0.781401
0.972323 0.129167 0.194688  0.179791  0.605246 -0.775469
  0.68834 -0.249698  0.681057  0.287804  0.564741 -0.773458
 0.858893 -0.160159  0.486469  0.165913  0.538501 -0.826129
  0.69318 -0.234288  0.681624  0.249014  0.562506 -0.788403
 0.944588   0.28747 -0.158474  0.045634  0.733705 -0.677934
  0.980529   0.179213 -0.0802858 0.0617043  0.680201 -0.730424
 0.852144  0.400388 -0.336958 0.0100931  0.747004 -0.664742
 0.854553  0.428211 -0.293897  0.023785  0.733265 -0.679527
 0.597776 -0.629854  0.495931 0.253358 0.762888 -0.59482
 0.641064 -0.625919  0.444142  0.200707  0.788313 -0.581618
0.755511 -0.47608 0.450055 0.0842094 -0.801184  0.592464
0.439571 -0.71927 0.537984  0.148636  0.794312 -0.589046
 0.294065 -0.770571  0.565461  0.939923  0.312013 -0.138539
 0.981895 0.0219645  0.188148 0.0236939   0.81379 -0.580676
  0.84571   0.47299 -0.247095 0.00731221 -0.781826  0.623454
  0.973574 -0.0808382   0.213585  0.131273  0.812146 -0.568494
 0.995441 0.0721064 0.0624356  0.070314  0.783313 -0.617638
 0.915569 -0.303609  0.263733  0.153241  0.777984 -0.609309
  0.98749 -0.083783  0.133578  0.316275  0.787408 -0.529111
   0.995443   0.0953511 -0.00125071 0.0315783  0.787972 -0.614901
 0.864045  0.472156 -0.174629 0.0545083 0.775103 -0.62948
  0.944526   0.328137 -0.0140534 0.0358027 -0.803519  0.594201
  0.968705 0.00669169   0.248127  0.177348  0.776304 -0.604896
 0.977566  0.199488 0.0675989 0.0881819   0.77627 -0.624202
0.961166 0.245846 0.125378  0.204992  0.725923 -0.656517
0.963958 0.103729    0.245  0.251005  0.686104 -0.682831
    0.9162   0.392789 -0.0793426   0.14506  0.669766 -0.728265
0.956876 0.194514  0.21576 0.194521 0.680756 -0.70621
 0.964398 -0.016678   0.26393   0.15414  0.668133 -0.727901
 0.955188  0.271827 -0.117158 0.0598395  0.668104 -0.741658
  0.962752   0.263696 -0.0597724 0.0735218  0.724227 -0.685631
 0.989706  0.127027 0.0659311  0.115144  0.671208 -0.732272
 0.972751 0.0225055  0.230756  0.126997  0.730873 -0.670594
 0.891716  0.425577 -0.154035   0.11902  0.727309 -0.675911
0.976104  0.18175 0.119116  0.155074  0.676789 -0.719659
  0.950572   0.309737 -0.0217972  0.117407  0.727402 -0.676093
 0.841045  0.535153 0.0790912  0.261533  0.766947 -0.585998
0.868511 0.123542 0.480027  0.319039  0.813525 -0.486202
 0.629922 -0.236675  0.739718  0.364455  0.819171 -0.442868
 0.523817 -0.412889  0.745076  0.408318  0.808169 -0.424428
0.857718 0.434048 0.275541 0.460845 0.803833 -0.37613
-nan -nan -nan -nan -nan -nan
 0.565607 -0.197077  0.800781  0.486795  0.781074 -0.391094
0.827537 0.431851 0.358731  0.265973  0.791406 -0.550396
0.0941087 -0.601362  0.793415  0.590126  0.738162 -0.326907
 0.220751 -0.521819  0.823999  0.587501  0.698354 -0.408833
   0.693471 0.000989607    0.720484  0.471164  0.720725 -0.508489
 0.286425 -0.514774  0.808065  0.580546  0.712575 -0.393958
 0.783588  0.620773 0.0251154  0.300527  0.753454 -0.584799
0.829756 0.493869 0.259996  0.444227  0.814763 -0.372592
 0.121773 -0.602526  0.788755  0.600441  0.740937 -0.300806
0.851036  0.31937 0.416822   0.40632  0.763362 -0.502178
 0.117177 -0.422295  0.898853  0.557726  0.623234 -0.548198
 0.92058 0.368922  0.12818  0.451795  0.649367 -0.611722
 0.853209 0.0592297  0.518195  0.522913  0.594121 -0.611213
  0.61356 -0.252908  0.748052  0.536416  0.632611 -0.558624
  0.821392 -0.0022545    0.57036  0.506772  0.540678 -0.671454
0.585585 0.523891 -0.61857 0.0230823 -0.475146  0.879604
  0.829243 -0.0732411   0.554068 0.476016 0.535698 -0.69745
 0.384547  0.530907 -0.755157  0.927525  0.354389 -0.118766
 0.980468  0.174689 0.0903648  0.315683   0.59407 -0.739882
 0.714988 -0.278141  0.641428  0.407913  0.639313 -0.651833
 0.881827  0.432852 -0.187138  0.293153  0.637143 -0.712818
 0.697242 -0.271804  0.663307  0.414049   0.63283 -0.654286
 0.730692  0.564733 -0.383621  0.300394  0.582117 -0.755581
 0.583385 -0.251877  0.772153  0.547565  0.577393 -0.605632
 0.831334  0.454235 -0.320241  0.318704  0.554266 -0.768907
0.0631614  0.499265 -0.864144  0.577585  0.571451 -0.582957
   0.914027 0.000461249    0.405654 0.289117 0.733343 -0.61532
 0.880358 -0.090774  0.465542  0.308125  0.702399 -0.641634
0.954083 0.128927 0.270378  0.256254   0.75182 -0.607536
0.944077  0.17103 0.281898  0.264179  0.733433 -0.626327
0.952928 0.254708 0.164475   0.23949  0.786306 -0.569532
-nan -nan -nan -nan -nan -nan
 0.556134 -0.444963  0.701942 0.215132 0.800459 -0.55945
 0.20191 -0.71809 0.666018  0.514403  0.758987 -0.399159
0.924017 0.198593 0.326731  0.222595  0.812853 -0.538258
  0.813409 -0.0331423   0.580748  0.189296  0.801544 -0.567181
 0.896621 0.0758282  0.436258  0.273881  0.772398 -0.573054
0.909855 0.330224  0.25123  0.219525  0.804895 -0.551318
  0.81831 -0.163883  0.550919  0.240465   0.77042 -0.590448
0.946376 0.256079 0.196966 0.247114 0.772508 -0.58495
 0.371602 -0.624155  0.687272  0.213624  0.812285 -0.542731
 0.798341 -0.202905  0.566993  0.239136  0.772313 -0.588512
0.906138 0.183748 0.380987  0.27922 0.765504 -0.57969
   0.80238 -0.0676239    0.59297  0.194301   0.80384 -0.562218
 0.733225 -0.167711   0.65898 0.376601  0.76924 -0.51618
  0.805821 -0.0517896    0.58989  0.333963   0.76943 -0.544468
 0.742464   0.65191 -0.154146  0.273954  0.688393 -0.671613
 0.449144 -0.418986  0.789126   0.54777  0.678711 -0.489182
 0.736875  0.623068 -0.262299  0.287235   0.63184 -0.719912
 0.411497 -0.255944  0.874736   0.52276   0.67341 -0.522724
 0.525285 -0.413947  0.743454  0.441271  0.674115 -0.592325
 0.912654 0.0375749  0.407002  0.311493  0.684839 -0.658762
 0.915975 0.0621915  0.396387  0.303913  0.722396 -0.621112
 0.786202 -0.193261  0.586972  0.394058  0.680799 -0.617439
  0.61913 -0.313885   0.71983  0.395447  0.724835 -0.564124
 0.786724  0.601429 -0.139098  0.232647  0.719575 -0.654283
 0.814684  0.547809 -0.190253   0.26684  0.680913 -0.682022
 0.625466 -0.309014  0.716452  0.416068  0.723918 -0.550301
0.729709 0.645459 0.225627  0.389699  0.771402 -0.503064
0.662436 0.217967 0.716707  0.428378  0.818581 -0.382644
0.691998 0.431077 0.579061  0.417268  0.811867 -0.408362
0.713947 0.440757 0.544071  0.397608  0.808559 -0.433751
  0.10757  0.602997 -0.790458   0.30626  0.747525 -0.589416
-nan -nan -nan -nan -nan -nan
0.633422  0.33086 0.699506  0.565632  0.784816 -0.253227
  0.433746 -0.0546903   0.899374  0.455041  0.825719 -0.333357
 0.124583 -0.304273  0.944403  0.635371   0.74502 -0.203098
0.0557267 -0.355762  0.932914  0.682225  0.688993 -0.244658
 0.354539 -0.109737   0.92858   0.61383  0.732748 -0.293758
  0.18297 -0.323133  0.928497  0.628515  0.735126 -0.254083
0.708249 0.461341 0.534367  0.501781  0.780319 -0.373252
 0.68381 0.676296  0.27391  0.370263  0.783645 -0.498804
0.627334 0.315943 0.711781  0.535074  0.784049 -0.314584
0.512177 0.094408 0.853675  0.565566  0.785577 -0.251007
 0.128014  0.467631 -0.874605  0.716585  0.602401 -0.351594
 0.169939 -0.284167  0.943594  0.705527  0.623562 -0.336752
 0.240899 -0.250816  0.937582 0.734836 0.554367 -0.39076
 0.180526 -0.338477  0.923495  0.712702  0.605523 -0.354116
0.930782 0.317207 0.181726  0.669932  0.494121 -0.554108
 0.795006  0.494207 -0.351745 0.0201011 -0.368963  0.929227
0.939631 0.212826 0.267953  0.637861  0.529874 -0.558898
 0.807057  0.472581 -0.354015 0.00363361  0.364212 -0.931309
 0.597822 -0.221345  0.770464  0.614869  0.584202 -0.529758
0.00784205  0.545243 -0.838241   0.66128  0.625022 -0.414797
0.904337 0.119488 0.409752  0.591276  0.630576 -0.502759
 0.436728 -0.296212  0.849428 0.622731 0.629624 -0.46452
0.885759 0.213812 0.411966  0.633504  0.595982 -0.493435
 0.279661 -0.284162  0.917083  0.743998  0.532853 -0.403155
 0.88165 0.150547 0.447246  0.617776  0.562108 -0.549897
0.850548 0.101195  0.51607  0.673426  0.554437 -0.488976
 0.294624 -0.450981  0.842504   0.57503  0.728857 -0.371627
 0.635089 -0.122534  0.762658  0.540284  0.706088 -0.457747
  0.659427 -0.0929902   0.745995  0.521519  0.751078 -0.404844
 0.712372 0.0441073  0.700415   0.51593  0.736026 -0.438272
 0.396306 -0.377409  0.836961 0.572817  0.76762 -0.28747
-nan -nan -nan -nan -nan -nan
 0.147299 -0.529379    0.8355  0.466149  0.800739 -0.376195
   0.676418 -0.00442107    0.736505  0.542972  0.790565 -0.283178
 0.433465 -0.270963  0.859469 0.521628 0.809223  -0.2703
  0.533381 -0.0677709   0.843156   0.45297   0.81572 -0.359747
 0.275645 -0.426255  0.861584  0.544602  0.775922 -0.318361
 0.350379 -0.377453  0.857183  0.516345   0.81154 -0.273479
 0.24532 -0.49669 0.832537  0.501062  0.779657 -0.375596
  0.39732 -0.361625  0.843424  0.563413   0.76704 -0.306945
0.000385144  0.678582 -0.734524  0.534423  0.804709 -0.258527
 0.273944 -0.458456  0.845443  0.515466   0.77485 -0.365928
 0.261189 -0.456496  0.850524  0.535096  0.779877 -0.324753
0.421871 -0.25578 0.869829  0.463843  0.819782 -0.335868
 0.274907 -0.405854  0.871613  0.539966  0.784642 -0.304588
 0.308284 -0.352573  0.883546 0.551153 0.780822 -0.29419
0.780452 0.476813 0.404405  0.552179  0.725294 -0.411154
0.0716136 -0.4219 0.90381  0.683242  0.671647 -0.286481
0.839931 0.452245 0.299983  0.592238  0.664974 -0.455043
 0.243836 -0.239038  0.939896  0.668241   0.66954 -0.324299
0.0529554 -0.592362   0.80393 0.647438 0.668744 -0.36552
 0.580185 -0.124449  0.804921  0.561631  0.687668 -0.460091
 0.137167 -0.563764  0.814466  0.586828  0.728754 -0.352918
  0.41701 -0.378473  0.826354  0.609549  0.677438 -0.411737
 0.289907 -0.409239  0.865146  0.586456  0.732425 -0.345865
0.792695 0.365827 0.487653 0.535555 0.742482 -0.40237
0.840949 0.251513  0.47911  0.577256  0.690036 -0.436607
  0.25513 -0.445386  0.858219   0.59093  0.732996 -0.336924
0.744447 0.466816 0.477369  0.501023  0.652074 -0.569013
 0.219499  0.590812 -0.776377  0.673503  0.723404 -0.151922
0.0638902 -0.280418  0.957749  0.646908  0.706596 -0.286761
0.748609 0.631613 0.201616 0.362394 0.591106  -0.7206
 0.233263 0.0100196  0.972362  0.642788  0.673867 -0.364317
0.440282  0.41623 0.795553  0.357604  0.405334 -0.841322
 0.77605  0.62057 0.112428  0.158468 0.0262498  0.987015
 0.683926  0.667537 -0.294345  0.165884 0.0101229  0.986093
 0.768673  0.609806 -0.193078 0.501808 0.281171 0.818005
 0.782397  0.574854 -0.239579 0.565463 0.266016 0.780697
  0.245305 -0.0141435   0.969343  0.790694  0.586545 -0.175409
 0.515237  0.473357 -0.714467 0.778185 0.474948 0.410916
0.609861 0.387071 0.691554 0.641805 0.621867 -0.44874
0.748861 0.631522 0.200968  0.285013  0.466475 -0.837358
 0.787273  0.614434 -0.051698  0.261291 0.0777453  0.962124
0.690009 0.384704 0.613099  0.565813  0.592605 -0.573302
 0.236502  0.298954 -0.924496  0.876273  0.480942 0.0289882
0.865006  0.46508 0.188322 0.0995829  0.220902 -0.970199
 0.81803 0.330948 0.470426   0.77282  0.454087 -0.443344
 0.125617 -0.113112   0.98561  0.877575  0.470902 0.0900705
0.888304  0.36216 0.282413  0.670632  0.395392 -0.627629
 0.879685  0.456673 -0.132682  0.785317  0.460839 -0.413406
 0.876025   0.45376 -0.163345 0.761871 0.177673 0.622885
 0.916907  0.397299 0.0378865   0.221787 -0.0652464    0.97291
  0.70958 0.0491891  0.702906  0.749028  0.552383 -0.365828
 0.199612 -0.363897  0.909799  0.723007  0.622277 -0.300054
 0.78147 0.248375 0.572377  0.717992  0.581157 -0.383072
   0.56635 -0.0183593   0.823961   0.74124  0.577382 -0.342335
0.832786 0.368332 0.413278  0.760402  0.496777 -0.418332
 0.406262 0.0499746  0.912389  0.898332  0.439019 0.0161937
0.915155 0.370297 0.159286  0.740828  0.473351 -0.476564
 0.568156  0.427864 -0.702944 0.898212 0.425461 0.110448
0.0667233 -0.485373  0.871757  0.622545  0.729462 -0.283414
0.0405051 -0.46285 0.885511  0.665304  0.697599 -0.265944
0.077971 -0.44668  0.89129  0.605445  0.756126 -0.248414
0.0607825 -0.370723  0.926752  0.651225  0.719263 -0.242005
0.619707 0.283497 0.731842  0.528198  0.785566 -0.322326
 0.468687  0.792739 -0.389741  0.607361  0.786218 -0.113902
 0.369091  0.767965 -0.523451  0.591327  0.785123 -0.184158
 0.222001   0.65711 -0.720362 0.558916 0.788487 -0.25671
 0.430779  0.767272 -0.475103 0.735069 0.640351 0.222765
 0.197432  0.640262 -0.742351 0.607963 0.756769 -0.24017
0.726538 0.490395 0.481306  0.508745   0.74749 -0.427126
  0.6893  0.40893 0.598031  0.455472  0.733812 -0.504049
0.0233154  0.461679 -0.886741  0.587238  0.753413 -0.295837
0.0165113 -0.431784  0.901826  0.601007   0.76614 -0.227641
0.608115 0.238772 0.757089  0.462641  0.761482 -0.453992
  0.32917 -0.186019  0.925767  0.544296  0.774139 -0.323187
 0.144315 -0.251746  0.956973 0.603074 0.725933 -0.33064
0.742321 0.585673 0.325493  0.420409  0.679265 -0.601544
 0.396058 0.0982956  0.912949  0.630264  0.684282 -0.366777
0.745186 0.533367 0.400272    0.4985  0.707966 -0.500283
0.710466 0.420502 0.564284 0.680864 0.566804 -0.46385
 0.153829  0.283419 -0.946578 0.847323 0.492386 0.198995
0.793242  0.40863 0.451429  0.727572  0.527131 -0.439059
 0.147291   0.25338 -0.956088   0.845029   0.533342 -0.0383711
 0.75809 0.289146 0.584546  0.699752  0.604711 -0.380358
0.0928694 -0.349886  0.932178  0.703349  0.658214 -0.268431
  0.51131 0.0104465  0.859333  0.647592  0.691808 -0.319417
  0.582071 -0.0237419   0.812791  0.664063  0.667231 -0.337377
  0.487022 -0.0551866   0.871644  0.619286  0.694595 -0.366091
0.622452 0.205618 0.755165  0.648113  0.637966 -0.415871
0.719667 0.219115 0.658839  0.695152  0.604564 -0.388928
 0.64049 0.236541  0.73063 0.669506 0.640408 -0.37635
