51	164	467.925
164	163	8126.83
163	51	2546.18
19	162	9163.01
162	164	479.679
164	19	204.561
52	163	995.629
163	162	653.765
162	52	12703.6
52	167	17052.9
167	166	25218.7
166	52	9.83914
3	165	8.30358e-07
165	167	26317.7
167	3	0
50	166	11005.2
166	165	44.1216
165	50	10889.5
50	170	9409.26
170	169	4261.74
169	50	2327.75
20	168	5288.5
168	170	5254.2
170	20	4484.36
51	169	6318.64
169	168	7226.31
168	51	2247.07
163	169	0.493608
166	163	12494.5
169	166	12217
54	173	6188.45
173	172	737.827
172	54	4209.37
20	171	3072.42
171	173	9058.39
173	20	2575.28
55	172	6396.5
172	171	6379.17
171	55	2698.06
55	176	0.0171385
176	175	6673.52
175	55	9176.74
1	174	72.0292
174	176	16279
176	1	1.62832
53	175	11479.9
175	174	0.149023
174	53	0.226461
53	179	2196.96
179	178	9223.58
178	53	836.277
18	177	7087.46
177	179	2012.04
179	18	1990.92
54	178	0.314927
178	177	738.545
177	54	7978.84
172	178	8561.34
175	172	0.323634
178	175	2060.09
57	182	0.125702
182	181	2.58186
181	57	9406.22
18	180	3862.38
180	182	11160.7
182	18	763.208
58	181	8219.65
181	180	1919
180	58	1913.34
58	185	28.5039
185	184	7465.25
184	58	145.253
2	183	3962.44
183	185	16.7979
185	2	191.244
56	184	0.00944046
184	183	312.001
183	56	3834.33
56	188	4592.78
188	187	32.8884
187	56	988.029
19	186	1130.76
186	188	1032.68
188	19	6012.42
57	187	1248
187	186	6813.79
186	57	13.0581
181	187	0.125654
184	181	364.272
187	184	6356.77
186	189	2863.3
189	57	9171.06
164	186	6394.34
51	189	7567.02
189	164	1017.01
168	190	8694.32
190	51	887.153
173	168	3894.49
54	190	0
190	173	5385.74
177	191	0.150853
191	54	3024.9
182	177	1108.49
57	191	1932.89
191	182	10888.2
189	191	7.76287
190	189	3960.6
191	190	10172.1
60	194	4433.33
194	193	20032.5
193	60	1415.38
21	192	0
192	194	5994.47
194	21	174.968
61	193	4307.36
193	192	6116.8
192	61	0
61	197	0
197	196	1348.41
196	61	2843.93
4	195	0.601026
195	197	6045.62
197	4	0
59	196	5264.67
196	195	15171.1
195	59	6141.08
59	200	1802.39
200	199	11050.3
199	59	6676.5
22	198	6957.38
198	200	7296.61
200	22	1428.97
60	199	8192.88
199	198	929.573
198	60	6057.23
193	199	8997.51
196	193	17566.7
199	196	1135
62	203	8522.81
203	202	0.804001
202	62	3999.87
22	201	109.51
201	203	9572.34
203	22	5252.29
63	202	7109.78
202	201	10477.9
201	63	0.533908
63	205	0.242894
205	204	4317.89
204	63	10641.8
176	205	24502.6
205	1	2.33171
55	204	13966
204	176	404.297
171	207	13222.4
207	55	2799.17
20	206	7385.33
206	171	3302.15
62	207	1.18136
207	206	1.99583
206	62	10207.4
202	207	14767.9
204	202	0.476131
207	204	0
65	209	1.64738
209	208	2581.38
208	65	12896.2
170	209	9660.99
209	20	885.128
50	208	13030.5
208	170	224.307
165	211	24730.5
211	50	43.8649
3	210	0
210	165	1.30927
64	211	0
211	210	0
210	64	0
64	214	0
214	213	0
213	64	1764.27
21	212	2.58862
212	214	1318.65
214	21	0
65	213	1284.73
213	212	24323.8
212	65	11.9667
208	213	0.959053
211	208	2351.15
213	211	24080.4
212	215	2142.04
215	65	12597.9
194	212	23703.1
60	215	9767.52
215	194	2327.37
198	216	8276.11
216	60	467.736
203	198	1115.76
62	216	1.26176
216	203	6789.54
206	217	1.37372
217	62	2439.32
209	206	2171.65
65	217	1719.98
217	209	10269.4
215	217	1.71616
216	215	5383.74
217	216	9625.47
67	220	3058.23
220	219	11868.8
219	67	207.614
23	218	0
218	220	162.897
220	23	2448.57
68	219	2047.5
219	218	8222.09
218	68	0
68	223	0
223	222	0.158197
222	68	7301.34
5	221	6310.47
221	223	3984.31
223	5	0
66	222	9779.49
222	221	8238.4
221	66	0.571827
66	226	0.662249
226	225	13167
225	66	9927.05
24	224	6796.32
224	226	13706.5
226	24	628.044
67	225	12465.5
225	224	8.4915
224	67	4406.76
219	225	10365.1
222	219	9968.83
225	222	84.0203
69	229	11492.8
229	228	0.76041
228	69	1916.88
24	227	0.716574
227	229	7284.31
229	24	8091.55
70	228	6127.42
228	227	13764.7
227	70	0.491499
70	231	0.409914
231	230	1410.69
230	70	14024.4
205	231	30128.7
231	1	0.875175
63	230	11981.7
230	205	3841.55
201	233	14695.1
233	63	4604.18
22	232	9997.31
232	201	5417.15
69	233	306.81
233	232	0.177057
232	69	12805.7
228	233	19481.5
230	228	0.561653
233	230	0.123993
72	235	944.777
235	234	106.918
234	72	14525
200	235	15107.9
235	22	2109.93
59	234	12066.3
234	200	4455.97
195	237	10051.8
237	59	1340.38
4	236	0
236	195	14154.9
71	237	1061.06
237	236	70.49
236	71	0
71	240	0
240	239	4012.61
239	71	0.0147872
23	238	0.00252144
238	240	712.515
240	23	0
72	239	0.00308978
239	238	14085.2
238	72	0.470143
234	239	3534.89
237	234	0.201539
239	237	12495.1
238	241	1166.15
241	72	15637.6
220	238	13515.5
67	241	14236.7
241	220	0.759361
224	242	16429.4
242	67	0.693173
229	224	0.737446
69	242	0.597469
242	229	5255.53
232	243	2548.05
243	69	0.174315
235	232	597.937
72	243	0.0512885
243	235	16904.6
241	243	0.729267
242	241	2642.92
243	242	18767.1
74	246	938.636
246	245	18667
245	74	0.0559853
25	244	0
244	246	83.7288
246	25	129.706
75	245	2282.2
245	244	175.826
244	75	0
75	249	0
249	248	0.00040278
248	75	5046.01
6	247	0
247	249	2387
249	6	0
73	248	4195.49
248	247	17074.2
247	73	2032.37
73	252	2372.86
252	251	7632.55
251	73	8844.5
26	250	4531.71
250	252	14494.5
252	26	2290.72
74	251	13855.2
251	250	0.58267
250	74	2007.79
245	251	2499.68
248	245	16145.1
251	248	3483.43
76	255	11497.9
255	254	0.592934
254	76	266.126
26	253	0.491173
253	255	5908.47
255	26	9494.12
77	254	3439.88
254	253	12292.7
253	77	0.952315
77	257	0
257	256	347.517
256	77	14753.4
231	257	25189
257	1	2227.98
70	256	11263.4
256	231	5133.83
227	259	12108.7
259	70	6115.1
24	258	9183.34
258	227	7272.28
76	259	2094.56
259	258	0.30758
258	76	11497.7
254	259	14930.9
256	254	0.278339
259	256	0.148885
79	261	1877.26
261	260	0.27191
260	79	16580
226	261	17487.8
261	24	4079.35
66	260	14483
260	226	9061.86
221	263	13337.7
263	66	5541.1
5	262	0
262	221	0.690003
78	263	464.774
263	262	3170.61
262	78	0
78	266	0
266	265	3934.73
265	78	2131.04
25	264	0.00134914
264	266	0.00407618
266	25	0
79	265	0.75357
265	264	19846.3
264	79	656.809
260	265	6262.37
263	260	0.491437
265	263	17716.2
264	267	5.81088
267	79	16498.4
246	264	19780.5
74	267	15412
267	246	0.190772
250	268	17014.7
268	74	0.347716
255	250	0.519415
76	268	0.440257
268	255	3894.86
258	269	3813.7
269	76	0.288232
261	258	757.211
79	269	300.556
269	261	18312.7
267	269	499.413
268	267	1038.64
269	268	19718.7
81	272	0.940589
272	271	7774.01
271	81	1443.32
27	270	0
270	272	961.466
272	27	132.974
82	271	2125.61
271	270	0.345103
270	82	0
82	275	0
275	274	8769.45
274	82	0.322071
7	273	0.25183
273	275	18120.6
275	7	0
80	274	5024.2
274	273	4032.34
273	80	5598.23
80	278	2377.84
278	277	3366.67
277	80	4976.08
28	276	2677.4
276	278	13354.9
278	28	1589.21
81	277	7826.71
277	276	1192.45
276	81	669.363
271	277	15.6923
274	271	7904.48
277	274	4523.58
83	281	14842.8
281	280	31.6923
280	83	424.476
28	279	1548.61
279	281	5097.19
281	28	12601.7
84	280	3781.6
280	279	13553.8
279	84	1694.6
84	283	0.0516909
283	282	1333.64
282	84	10318.2
257	283	19501.3
283	1	941.781
77	282	9253.86
282	257	3261.91
253	285	10942.3
285	77	8471.04
26	284	9032.98
284	253	7177.94
83	285	4630.32
285	284	386.163
284	83	12581.8
280	285	14815.3
282	280	0.0138944
285	282	0.0627836
86	287	2435.05
287	286	2525.69
286	86	6507.36
252	287	12000.1
287	26	4651.08
73	286	6927.49
286	252	10228.5
247	289	9207.55
289	73	6421.76
6	288	0
288	247	10825.2
85	289	4451.01
289	288	0.000192685
288	85	0
85	292	0
292	291	12533
291	85	0.000330133
27	290	2223.54
290	292	0.557949
292	27	0
86	291	2373.83
291	290	8561.59
290	86	547.989
286	291	10965.3
289	286	0.0939278
291	289	10933
290	293	759.611
293	86	8076.09
272	290	7455.17
81	293	8528.17
293	272	920.018
276	294	14361.6
294	81	600.371
281	276	869.01
83	294	1115.66
294	281	1200.38
284	295	2900.11
295	83	810.589
287	284	1982.6
86	295	419.557
295	287	13781.7
293	295	1620.9
294	293	110.697
295	294	14469
88	298	624.641
298	297	28830.7
297	88	0
29	296	0
296	298	0
298	29	0.458288
89	297	1400.42
297	296	565.579
296	89	0
89	301	0
301	300	49.418
300	89	254.514
8	299	305.886
299	301	154.973
301	8	0
87	300	3214.44
300	299	23572.6
299	87	147.361
87	304	590.272
304	303	6328.6
303	87	22409
30	302	5223.47
302	304	15456
304	30	0.217993
88	303	25538.2
303	302	0.0900835
302	88	2877.89
297	303	2548.48
300	297	27314.2
303	300	256.058
90	307	9520.3
307	306	159.723
306	90	2198.33
30	305	201.375
305	307	6145.95
307	30	7695.25
91	306	6279.07
306	305	11116.4
305	91	0.408506
91	309	0.288917
309	308	4284.85
308	91	8845.66
283	309	22027.7
309	1	2832.58
84	308	12323.7
308	283	253.949
279	311	12054.7
311	84	3556.44
28	310	6306.72
310	279	9063.44
90	311	148.041
311	310	21.2347
310	90	10389
306	311	14337
308	306	0.0813974
311	308	0.183392
93	313	3664.83
313	312	6434.01
312	93	21739.4
278	313	8255.11
313	28	10407.3
80	312	10369.3
312	278	10295.8
273	315	24800.5
315	80	646.443
7	314	0
314	273	763.325
92	315	0
315	314	14259.4
314	92	0
92	318	0
318	317	0.0251104
317	92	72.9824
29	316	0.265885
316	318	0
318	29	0
93	317	219.349
317	316	27061.9
316	93	1305.38
312	317	0.315742
315	312	15253.2
317	315	27197.8
316	319	0
319	93	24562.8
298	316	28194.2
88	319	26349.4
319	298	646.899
302	320	17176.5
320	88	327.183
307	302	377.228
90	320	342.57
320	307	3676.08
310	321	5520.6
321	90	4.69265
313	310	1559.11
93	321	0.315457
321	313	15989
319	321	2750.01
320	319	876.84
321	320	18621.2
95	324	666.019
324	323	22867.6
323	95	88.1014
31	322	0
322	324	0.477723
324	31	72.4389
96	323	5853.28
323	322	1045.6
322	96	0
96	327	0
327	326	3862.51
326	96	202.714
9	325	957.232
325	327	3756.23
327	9	0
94	326	4420.35
326	325	10794.8
325	94	1504.08
94	330	745.784
330	329	9533.04
329	94	13271.7
32	328	3667.13
328	330	12969
330	32	1213.67
95	329	16528
329	328	476.997
328	95	1497.45
323	329	6766.31
326	323	16102.6
329	326	680.369
97	333	9422.66
333	332	0.329229
332	97	1762.58
32	331	265.916
331	333	6390.98
333	32	7350.13
98	332	5866.59
332	331	11511.2
331	98	0.484272
98	335	0.473175
335	334	5677.66
334	98	9832.95
309	335	31553.7
335	1	0
91	334	13298.9
334	309	0.109798
305	337	12363.2
337	91	3959.81
30	336	7899.96
336	305	6368.52
97	337	313.54
337	336	0.575575
336	97	10060
332	337	14895.8
334	332	0.356617
337	334	0.290222
100	339	3587.73
339	338	130.308
338	100	13648.4
304	339	11876.8
339	30	5788.35
87	338	10110.8
338	304	10739.6
299	341	10271.7
341	87	16314.2
8	340	0
340	299	13336.6
99	341	11976.1
341	340	213.581
340	99	0
99	344	0
344	343	2320.14
343	99	5747.12
31	342	1235.99
342	344	325.606
344	31	0
100	343	144.53
343	342	22232.5
342	100	2219.96
338	343	7846.65
341	338	516.916
343	341	16149.1
342	345	158.94
345	100	15926
324	342	23265.9
95	345	17034.9
345	324	498.604
328	346	14758.9
346	95	658.611
333	328	416.331
97	346	0.148906
346	333	3634.44
336	347	4241.54
347	97	0.487492
339	336	0.586275
100	347	27.1558
347	339	14695.5
345	347	1849.76
346	345	525.722
347	346	16921.6
102	350	1047.61
350	349	17794.5
349	102	1290.33
33	348	0
348	350	18.1494
350	33	499.673
103	349	1.56051e-06
349	348	13395.1
348	103	0
103	353	0
353	352	107.494
352	103	9446.53
10	351	180.091
351	353	14353.3
353	10	0
101	352	12156.9
352	351	9049.84
351	101	1469.89
101	356	408.322
356	355	13678.3
355	101	8133.01
34	354	5925.82
354	356	11769.7
356	34	0.476952
102	355	11694.2
355	354	1256.04
354	102	2971.12
349	355	12758.5
352	349	15093.9
355	352	64.369
104	359	9798.75
359	358	0.299858
358	104	1276.48
34	357	0.528437
357	359	6163.01
359	34	7707.99
105	358	5032.56
358	357	11701
357	105	0.467647
105	361	0.418489
361	360	3222.86
360	105	10496.3
335	361	34663.7
361	1	0.285761
98	360	13078.5
360	335	1991.66
331	363	12658.3
363	98	4930.88
32	362	7395.88
362	331	6815.01
104	363	723.196
363	362	0.578449
362	104	10417
358	363	15606.8
360	358	0.19079
363	360	0.500069
107	365	2375.13
365	364	235.694
364	107	12137.1
330	365	13702.4
365	32	4876.43
94	364	9237.9
364	330	9219.91
325	367	8491.33
367	94	8348.64
9	366	0
366	325	5627.01
106	367	6520.71
367	366	0.00155392
366	106	0
106	370	0
370	369	579.469
369	106	8301.18
33	368	99.1304
368	370	0.0632975
370	33	0
107	369	1452.02
369	368	19790.8
368	107	290.031
364	369	7227.34
367	364	313.428
369	367	11771.5
368	371	859.587
371	107	14495
350	368	19305.3
102	371	14493.7
371	350	155.357
354	372	16045.7
372	102	294.057
359	354	0.239119
104	372	0.250524
372	359	4103.57
362	373	4691.5
373	104	0.355496
365	362	0.376988
107	373	401.801
373	365	16743.9
371	373	1355.13
372	371	1188.36
373	372	19189.4
109	376	711.964
376	375	25422.1
375	109	0.285583
35	374	0
374	376	0
376	35	0
110	375	0.0439918
375	374	3314.7
374	110	0
110	379	0
379	378	0.124858
378	110	3091.77
11	377	0.133016
377	379	10126
379	11	0
108	378	6356.18
378	377	21655.2
377	108	0.0864383
108	382	327.521
382	381	5619.38
381	108	17469.1
36	380	4097.1
380	382	17830.4
382	36	16.6246
109	381	19618
381	380	0.265835
380	109	2106.21
375	381	3375.6
378	375	25158.2
381	378	0.0884464
111	385	11372.2
385	384	13.3577
384	111	161.074
36	383	80.0356
383	385	6575.16
385	36	9165.85
112	384	3528.84
384	383	11371.4
383	112	694.921
112	387	0.157731
387	386	585.245
386	112	12683.3
361	387	26377.2
387	1	0.0365897
105	386	11247.2
386	361	5107.58
357	389	10899.7
389	105	5789.32
34	388	8124.3
388	357	7132.47
111	389	1964.15
389	388	0.5454
388	111	10244.9
384	389	13776.6
386	384	74.6721
389	386	0.485445
114	391	2500.25
391	390	0.309012
390	114	18884.3
356	391	17579.1
391	34	5422.06
101	390	16486.3
390	356	5613.64
351	393	20770.9
393	101	1628.19
10	392	0
392	351	98.7654
113	393	0.065214
393	392	247.393
392	113	0
113	396	0
396	395	0.0218482
395	113	2549.96
35	394	0.47992
394	396	4.68734
396	35	0
114	395	0
395	394	24756.8
394	114	945.282
390	395	2384.73
393	390	894.268
395	393	21952.8
394	397	0.138486
397	114	20191.7
376	394	25797.3
109	397	20694.7
397	376	175.11
380	398	19504
398	109	164.783
385	380	591.353
111	398	0.190275
398	385	3758.18
388	399	4840.23
399	111	0.462304
391	388	0.370694
114	399	0.374202
399	391	19642.1
397	399	1636.79
398	397	540.989
399	398	21625.2
116	402	0.497033
402	401	29770.9
401	116	1271.62
37	400	0
400	402	2710.78
402	37	1.49789
117	401	1561.77
401	400	1.61188
400	117	0
117	405	0
405	404	0.00279922
404	117	0.000958289
12	403	0.395513
403	405	2.2635
405	12	0
115	404	0.0401319
404	403	30304.5
403	115	11614
115	408	9677.46
408	407	1.24122
407	115	18755.2
38	406	553.317
406	408	14619
408	38	3505.46
116	407	17936.6
407	406	3607.88
406	116	0.691046
401	407	1.00919
404	401	29700.6
407	404	2704.19
118	411	10057.2
411	410	1987.7
410	118	0.440607
38	409	1374.61
409	411	3150.03
411	38	7925.03
119	410	3880.32
410	409	12867.1
409	119	179.752
119	413	0.00800902
413	412	447.477
412	119	13584.5
387	413	20253.3
413	1	0.0470536
112	412	10260.2
412	387	5803.44
383	415	10605
415	112	8119.86
36	414	6232.68
414	383	8036.65
118	415	4819.37
415	414	104.625
414	118	8381.05
410	415	15216.6
412	410	1169.44
415	412	0.21285
121	417	6023.46
417	416	0.493359
416	121	14470.6
382	417	10199.1
417	36	7385.26
108	416	11548.7
416	382	13226.2
377	419	22843.5
419	108	12008.7
11	418	0
418	377	8412.57
120	419	7299.01
419	418	0.910973
418	120	0
120	422	0
422	421	9597.13
421	120	0.335991
37	420	3695.16
420	422	1.86582
422	37	0
121	421	0.557158
421	420	28858.3
420	121	4794.94
416	421	10430.2
419	416	0.242645
421	419	27367.2
420	423	1.00951
423	121	15919
402	420	29462.1
116	423	17190
423	402	3641.85
406	424	14299.5
424	116	2117.6
411	406	3923.71
118	424	3270.12
424	411	0.436649
414	425	6359.07
425	118	0.546175
417	414	184.8
121	425	0.588631
425	417	11710.7
423	425	5048.62
424	423	0.712208
425	424	13081.6
123	428	10.81
428	427	16013.8
427	123	2747.61
39	426	15938.7
426	428	677.288
428	39	6.27044
124	427	1928.45
427	426	0.653065
426	124	15125.4
124	431	14943.1
431	430	386.971
430	124	0.408305
13	429	2633.9
429	431	276.492
431	13	16150.6
122	430	4434.15
430	429	11323
429	122	0.0141861
122	434	292.704
434	433	3113.13
433	122	8528.79
40	432	1940.56
432	434	8055.64
434	40	518.758
123	433	11404.1
433	432	4.8832
432	123	0.457557
427	433	0.349829
430	427	15896.2
433	430	503.671
125	437	10187.6
437	436	293.933
436	125	0.228014
40	435	5.48167
435	437	2370.37
437	40	9074.72
126	436	2458.63
436	435	9949.56
435	126	442.793
126	439	0.000450897
439	438	0.0166136
438	126	11407.5
413	439	16451.4
439	1	0.867073
119	438	8604.49
438	413	5022.33
409	441	7655.04
441	119	8661.48
38	440	3342.28
440	409	8339.38
125	441	6310.19
441	440	327.628
440	125	7496.96
436	441	10806.4
438	436	583.559
441	438	0.017157
128	443	5547.01
443	442	2673.38
442	128	8075.54
408	443	7618.52
443	38	5381.22
115	442	4554.08
442	408	7419.49
403	445	2799.95
445	115	15935.9
12	444	0
444	403	31825.6
127	445	392.784
445	444	21602.4
444	127	22252.7
127	448	20673.7
448	447	4210.86
447	127	7.34613
39	446	1021.73
446	448	8.12604
448	39	16900.2
128	447	1047.48
447	446	17535.1
446	128	3816.1
442	447	4086.51
445	442	5898.22
447	445	19529.7
446	449	348.116
449	128	9814.29
428	446	16165.7
123	449	10541.5
449	428	2133.83
432	450	9620.42
450	123	3673.81
437	432	43.1711
125	450	4808.29
450	437	0.306726
440	451	4960.58
451	125	6.53701
443	440	3161.32
128	451	12.9197
451	443	7851.28
449	451	4117.57
450	449	7.31718
451	450	8740.39
130	454	4345.69
454	453	14331.5
453	130	650.256
41	452	17689.5
452	454	441.38
454	41	377.598
131	453	188.565
453	452	4557.01
452	131	18096.6
131	457	9560.25
457	456	111.258
456	131	3731.45
14	455	17920.8
455	457	394.105
457	14	10738.3
129	456	4080.79
456	455	7538.28
455	129	8163.79
129	460	4098.79
460	459	12764.7
459	129	5217.44
42	458	9895.39
458	460	3970.91
460	42	2994.39
130	459	8574.75
459	458	1375.55
458	130	8816.88
453	459	10514.7
456	453	8621.5
459	456	1527.14
132	463	7273.33
463	462	775.951
462	132	5455.94
42	461	476.657
461	463	11784.5
463	42	4094.1
133	462	9439.24
462	461	7123.05
461	133	262.2
133	465	0
465	464	1313.71
464	133	10249.9
439	465	13459.2
465	1	0.0875007
126	464	8734.77
464	439	4434.77
435	467	7564.13
467	126	5263.18
40	466	6292.8
466	435	4708.88
132	467	758.247
467	466	0.334134
466	132	9350.93
462	467	11220.7
464	462	0.956678
467	464	0.311475
135	469	1894.41
469	468	0.284627
468	135	12838.4
434	469	7202.9
469	40	4867.99
122	468	10056.2
468	434	3686.99
429	471	10397.6
471	122	2844.8
13	470	15466.3
470	429	1064.1
134	471	217.054
471	470	0.1264
470	134	16912.5
134	474	17129.4
474	473	31.9953
473	134	0.119251
41	472	0.960707
472	474	224.461
474	41	17430.1
135	473	0.236363
473	472	15077
472	135	31.9207
468	473	548.645
471	468	0.290065
473	471	13865.8
472	475	1482.66
475	135	14484.2
454	472	15279.9
130	475	12358.7
475	454	599.753
458	476	5724.43
476	130	960.206
463	458	1388.53
132	476	2.73021
476	463	9644.5
466	477	1072.52
477	132	2797.1
469	466	0.300822
135	477	250.66
477	469	10038.8
475	477	783.566
476	475	5812.14
477	476	9138.18
137	480	6167.36
480	479	9556.29
479	137	863.834
43	478	0
478	480	1319.29
480	43	5251.47
138	479	1447.47
479	478	12580.8
478	138	0
138	483	0
483	482	1847.48
482	138	10586.6
15	481	386.1
481	483	17503.6
483	15	0
136	482	14313.3
482	481	4376.2
481	136	4774.49
136	486	4195.73
486	485	14555.9
485	136	6745.25
44	484	9763.85
484	486	7938.49
486	44	2378.99
137	485	7990
485	484	2236.66
484	137	7118.64
479	485	13626.6
482	479	8197.53
485	482	927.095
139	489	12897.3
489	488	136.865
488	139	6183.12
44	487	736.826
487	489	11891.1
489	44	9468.7
140	488	9472
488	487	14157.8
487	140	962.203
140	491	87.5748
491	490	3227.8
490	140	14157.3
465	491	12935.7
491	1	1958.69
133	490	14582.6
490	465	2602.64
461	493	14999.2
493	133	4538.46
42	492	12867.2
492	461	3022.08
139	493	226.688
493	492	1285.1
492	139	14765.2
488	493	18151.2
490	488	62.7175
493	490	0.145924
142	495	783.899
495	494	3070.78
494	142	9958.76
460	495	14515.7
495	42	548.86
129	494	8870.69
494	460	1586.96
455	497	7819
497	129	823.142
14	496	0
496	455	6.85511
141	497	337.439
497	496	6955.62
496	141	0
141	500	0
500	499	640.106
499	141	6289.4
43	498	932.317
498	500	7231.55
500	43	0
142	499	4306.38
499	498	9787.62
498	142	848.857
494	499	832.295
497	494	4718.28
499	497	8735.44
498	501	6638.2
501	142	10175.3
480	498	10403.8
137	501	9151.96
501	480	800.62
484	502	11127.3
502	137	535.064
489	484	724.251
139	502	211.683
502	489	9001.83
492	503	273.568
503	139	4371.29
495	492	3023.16
142	503	3944.84
503	495	13823.3
501	503	365.949
502	501	7687.42
503	502	12940
144	506	1260.7
506	505	23308.5
505	144	2.09236
45	504	0
504	506	176.835
506	45	592.6
145	505	0
505	504	1517.47
504	145	0
145	509	0
509	508	9.89362
508	145	669.981
16	507	1.4593
507	509	1313.97
509	16	0
143	508	2595.17
508	507	21128.1
507	143	236.306
143	512	1226.37
512	511	3057.58
511	143	18692.8
46	510	5413.42
510	512	19645.1
512	46	1830
144	511	20379.2
511	510	179.416
510	144	2618.82
505	511	1260.3
508	505	23259.4
511	508	203.298
146	515	15763.5
515	514	67.2324
514	146	2032.01
46	513	606.597
513	515	7530.96
515	46	13020.2
147	514	6819.16
514	513	16359.8
513	147	437.366
147	517	106.696
517	516	3510.06
516	147	16084
491	517	13514
517	1	3144.95
140	516	16159.6
516	491	3324.55
487	519	16909.1
519	140	6148.47
44	518	13889.5
518	487	8082.07
146	519	1255.23
519	518	139.938
518	146	16336.9
514	519	20159.7
516	514	41.1405
519	516	157.318
149	521	1720.68
521	520	704.628
520	149	20412
486	521	19663.6
521	44	4804.61
136	520	18947.5
520	486	2261.39
481	523	21460.1
523	136	1910.93
15	522	0
522	481	484.04
148	523	2.63132e-07
523	522	710.083
522	148	0
148	526	0
526	525	46.0288
525	148	1443.11
45	524	0
524	526	428.185
526	45	0
149	525	625.126
525	524	23897.7
524	149	213.977
520	525	451.943
523	520	754.038
525	523	23390.4
524	527	690.932
527	149	21599.3
506	524	24028.9
144	527	21695.5
527	506	0.180671
510	528	22098.6
528	144	14.6294
515	510	218.994
146	528	54.7274
528	515	4577.5
518	529	4666.94
529	146	157.2
521	518	375.964
149	529	460.971
529	521	22144.3
527	529	1135.22
528	527	1389.96
529	528	24343.9
151	532	136.784
532	531	12229.1
531	151	3970.96
47	530	0
530	532	5669.53
532	47	16.7488
152	531	5259.52
531	530	0.327636
530	152	0
152	535	0
535	534	5514.81
534	152	0.0429999
17	533	42656.1
533	535	2.19148
535	17	0
150	534	210.113
534	533	11430.4
533	150	21288.9
150	538	11196.4
538	537	540.325
537	150	8914.5
48	536	2523.33
536	538	7272.92
538	48	5638.87
151	537	9643.73
537	536	3848.88
536	151	548.024
531	537	225.811
534	531	11817.5
537	534	4693.55
153	541	13628.6
541	540	681.558
540	153	308.683
48	539	3298.6
539	541	2358.04
541	48	11468.4
154	540	3850.13
540	539	14463
539	154	490.959
154	543	159.298
543	542	1536.76
542	154	16293.9
517	543	12044.4
543	1	0.180758
147	542	14263.9
542	517	4666.51
513	545	13356.7
545	147	9369.41
46	544	9251.84
544	513	10662.2
153	545	5689.39
545	544	155.55
544	153	11919.2
540	545	17370.4
542	540	0.0964634
545	542	109.789
156	547	6644.96
547	546	2095.12
546	156	9221.97
512	547	6541.4
547	46	9001.44
143	546	6532.17
546	512	16509.9
507	549	9806.77
549	143	14918.4
16	548	0
548	507	12469
155	549	13276.4
549	548	281.056
548	155	0
155	552	0
552	551	13351.1
551	155	210.699
47	550	5851.8
550	552	12.749
552	47	0
156	551	379.218
551	550	12134.2
550	156	6044.12
546	551	13991.9
549	546	2165.05
551	549	11329.5
550	553	548.827
553	156	9781.69
532	550	12730.2
151	553	10529.2
553	532	5465.02
536	554	9689.69
554	151	3432.87
541	536	1717.46
153	554	3739.28
554	541	152.361
544	555	7673.21
555	153	189.063
547	544	735.501
156	555	542.475
555	547	8852.04
553	555	6536.78
554	553	200.963
555	554	9719.54
157	558	1.85874
558	557	11049.9
557	157	4189.33
49	556	4761.79
556	558	807.634
558	49	0.344653
158	557	940.286
557	556	2.18203
556	158	4350.36
158	560	5046.19
560	559	365.04
559	158	50.8965
185	560	422.354
560	2	4567.13
58	559	4742.73
559	185	5944.92
180	562	6166.17
562	58	3898.13
18	561	2597.93
561	180	7333.14
157	562	9709
562	561	447.824
561	157	44.3346
557	562	85.9446
559	557	11441.1
562	559	1495.97
159	564	8894.33
564	563	1254.66
563	159	38.1944
179	564	4026.23
564	18	5608.91
53	563	4561.46
563	179	7482.21
174	565	3901.29
565	53	8277.26
543	174	11648.3
154	565	9540.36
565	543	1864.53
539	567	7895.67
567	154	11369.6
48	566	4980.74
566	539	8320.15
159	567	9122.49
567	566	0.379418
566	159	5911.9
563	567	10891.2
565	563	697.049
567	565	120.295
161	569	4876.14
569	568	1800.64
568	161	7199.13
538	569	5601.39
569	48	7524.4
150	568	9058.53
568	538	1149.26
533	571	13056.1
571	150	350.455
17	570	18049.4
570	533	80.3465
160	571	167.809
571	570	1084.79
570	160	11704.9
160	574	8077.16
574	573	294.3
573	160	988.516
49	572	927.618
572	574	809.599
574	49	5642.35
161	573	1201.05
573	572	9904.2
572	161	2226.3
568	573	539.856
571	568	1184.63
573	571	11770.2
572	575	0.525864
575	161	7734.71
558	572	10977.7
157	575	8297.65
575	558	3174.63
561	576	9179.15
576	157	6953.2
564	561	1934.5
159	576	8169.9
576	564	44.9009
566	577	6645.64
577	159	2.56242
569	566	0.420058
161	577	0.43012
577	569	7407.94
575	577	5258.6
576	575	2.87738
577	576	7715.61
