 0.341553 -0.281529 -0.896707 0.464604 0.743119 0.481578
0.127438 0.595908 0.792877 0.520586 0.782054 0.342612
0.220249 0.689254 0.690231 0.525556  0.79561 0.301324
 0.606818  0.341252 -0.717857 0.403601 0.743526 0.533174
0.298811 0.746163 0.594939 0.540485 0.804147 0.247435
 0.692871   0.59551 -0.406568 0.554566 0.820201  0.14045
 0.689332  0.605355 -0.397954 0.390507   0.7568 0.524173
 0.676373  0.680523 -0.281794 0.519909 0.801332 0.295907
  0.68681   0.55857 -0.465071 0.442395 0.729839 0.521173
  0.11747 -0.274684 -0.954332 0.582152  0.69379 0.423974
 0.363278 -0.119696  -0.92396 0.514015 0.725075 0.458318
   0.21792 -0.0673281  -0.973641 0.565478 0.725026 0.393156
 0.435459 0.0481513  -0.89892 0.471122 0.723401 0.504712
   0.41307 -0.0138626  -0.910594 0.427773 0.771466  0.47101
 0.429047  0.106478 -0.896985 0.528947  0.76786 0.361395
  0.24274 -0.345866 -0.906341 0.490515 0.775368 0.397743
 0.399081 -0.127063 -0.908069 0.692514 0.534054 0.484985
0.0319208 -0.368099 -0.929238 0.669775 0.593236 0.446623
 0.411629 -0.123509 -0.902944 0.689183 0.480897 0.542002
 0.444877 0.0211284 -0.895343 0.660142 0.527654 0.534597
 0.873929   0.19795 -0.443919   0.7125 0.361332 0.601484
0.897891 0.333542   0.2873  0.915616  0.324881 -0.236853
 0.881245  0.334325 -0.334117 0.813238 0.304251  0.49606
0.920693  0.32946 0.209236 0.541403 0.212969 0.813343
 0.664683   0.31008 -0.679741 0.815366 0.352225 0.459474
 0.621567  0.346136 -0.702741  0.78821 0.423057 0.446931
 0.497119  0.132727 -0.857471 0.740741 0.466485  0.48342
 0.746877  0.405955 -0.526665 0.749129 0.400047 0.527985
 0.844462  0.357051 -0.399248 0.673626 0.448688 0.587288
 0.868164  0.296658 -0.397851 0.679642 0.393892 0.618819
  0.920049   0.383067 -0.0822767 0.715291 0.303012 0.629717
 0.870076  0.265187 -0.415504 0.711105 0.401434 0.577218
  0.796425   0.598552 -0.0862734 0.426133 0.49284 0.75863
 0.775134  0.535054 -0.335984 0.581596 0.405865 0.704996
 0.799359  0.581588 -0.150933 0.434458 0.370102  0.82114
 0.751423  0.600498 -0.273432 0.421106  0.33443 0.843105
 0.764788  0.536393 -0.356906 0.408638 0.384262 0.827863
 0.483088  0.413855 -0.771589  0.63426 0.662656 0.398248
-nan -nan -nan -nan -nan -nan
  0.62639  0.677137 -0.386163 0.312073 0.331614 0.890305
  0.18629 -0.154561 -0.970261 0.550227 0.740728  0.38545
0.00792273 -0.420884  -0.90708   0.5268 0.764668 0.371166
 0.662598  0.176455 -0.727892 0.441872  0.62503 0.643496
 0.535778  0.413501 -0.736179 0.377185 0.633629 0.675459
  0.780726   0.622572 -0.0535878 0.369089  0.46284 0.805948
  0.785768   0.618286 -0.0170632 0.337602  0.31192 0.888105
 0.538897  0.538254 -0.647976 0.358614 0.509623   0.7821
 0.789352  0.495419 -0.362607 0.398178 0.505831 0.765238
 0.774978  0.607061 -0.175743 0.403347 0.581228 0.706742
 0.683346  0.640186 -0.350998 0.377449 0.696584 0.610166
 0.692605  0.405183 -0.596762 0.444459 0.668591  0.59619
 0.489097 -0.124147 -0.863349 0.453501 0.697711  0.55456
 0.462594  0.138823 -0.875634 0.532602 0.675586 0.509822
0.00903273 0.271955 0.962267 0.656432 0.665952 0.354408
 0.199998 -0.106629 -0.973977 0.650789 0.614993 0.445261
 0.314632 -0.157479 -0.936059  0.56865 0.653435  0.49966
0.578106 0.335336 -0.74387 0.660737 0.543671  0.51754
 0.563894  0.386621 -0.729759 0.722221  0.50209 0.475712
 0.725097  0.532099 -0.437156 0.510873  0.52616 0.679827
 0.765593  0.420147 -0.487179 0.590009 0.514288 0.622413
 0.794307  0.567497 -0.216847  0.45356 0.599852 0.659137
0.738984 0.392714 -0.54743 0.482342 0.673866 0.559688
 0.779361  0.396009 -0.485565 0.556314 0.591721 0.583421
 0.686841  0.439275 -0.579039 0.519008 0.613397 0.595294
0.321472 0.762915 0.560907  0.735514  0.195116 -0.648806
 0.159893 -0.470638 -0.867718 0.591368 0.782757 0.193842
 0.237316 -0.457352 -0.857036 0.607336 0.768023 0.203186
0.362622 0.777773 0.513395     0.692  0.105664 -0.714122
  0.30208 -0.400996 -0.864841 0.405012 0.771026 0.491411
 0.179719 -0.521519 -0.834098  0.50351 0.754182 0.421528
0.246642 0.743571 0.621506  0.858184  0.330445 -0.392843
  0.1879 0.738405 0.647651  0.601446 -0.197765 -0.774049
0.596045 0.731297 0.331564 0.0359475 0.681624 0.730819
 0.684006 -0.172717 -0.708735 0.418933 0.694313  0.58517
0.817685 0.166108 -0.55118 0.273652 0.724215  0.63295
 0.580521 -0.211934  -0.78618 0.405965 0.742212 0.533211
0.144953 0.719301 0.679408  0.833906  0.385352 -0.395101
0.0911815 -0.600707 -0.794252   0.74876   0.12995 -0.649978
0.247753 0.752067 0.610748  0.365652 -0.454931 -0.811995
0.270666 0.748518  0.60536  0.714286 0.0454351 -0.698377
   0.8755 0.0882811 -0.475085 0.515859 0.569357 0.640095
 0.522457 -0.292085 -0.801078 0.517538 0.596799 0.613176
  0.878514 0.00537854  -0.477687 0.514804  0.50039 0.696123
  0.700817 -0.0603089  -0.710787  0.52345 0.571192 0.632249
  0.759699 -0.0511459   -0.64826 0.634687 0.361654 0.682919
0.883844 0.299436 0.359386 0.548731 0.287155 0.785135
  0.345741 -0.0188151  -0.938141 0.682685 0.351374 0.640685
0.872498 0.332948 0.357622 0.525053 0.318572 0.789196
0.0914429 -0.109574 -0.989764 0.680821 0.467467 0.563877
 0.310085 0.0227776 -0.950436 0.636847  0.57649 0.511942
 0.677933  0.153866 -0.718841 0.584554 0.552645 0.594037
 0.721232   0.27145 -0.637291 0.601193  0.54589 0.583584
 0.876023  0.242302 -0.416981 0.543378 0.538341  0.64415
 0.940805  0.278626 -0.193012 0.543038 0.444201 0.712597
 0.718873   0.13326 -0.682249 0.642968 0.429025 0.634452
 0.908887  0.190273 -0.371107 0.599686    0.447 0.663753
 0.618947  0.255623 -0.742672 0.497573 0.749701 0.436314
 0.436592  0.155679 -0.886088 0.568664 0.681315 0.460903
 0.646817  0.459965 -0.608325 0.470505 0.740118  0.48047
 0.703944   0.53942 -0.462049 0.464743 0.732585 0.497326
 0.690597  0.665951 -0.282109 0.316987 0.722527 0.614389
 0.23276 0.684518 0.690839 0.502981 0.817115 0.281662
 0.509676 0.0578295 -0.858421 0.568897 0.802248 0.180982
0.261017 0.707681 0.656549  0.618737  0.784158 0.0475593
 0.265267  -0.29212 -0.918858 0.559231 0.802921 0.206344
 0.402114  -0.21475 -0.890049 0.576015 0.791748 0.203327
0.435079 0.793565 0.425395 0.718268 0.416542  -0.5573
0.448468 0.794545 0.409358  0.659249  0.239153 -0.712879
 0.684423  0.404129 -0.606832 0.483532 0.795743 0.364677
0.681953 0.687211 -0.25036 0.420849 0.772047 0.476266
0.0961048 0.622894 0.776381  0.678255  0.722699 -0.132951
0.538042 0.79976 0.26626  0.546213  0.111326 -0.830216
0.0530525 -0.570998 -0.819236  0.654408  0.751091 0.0872479
0.0770059 0.662527 0.745069  0.754463  0.599859 -0.266374
 0.107216 -0.565395 -0.817822 0.600327 0.766679 0.227619
0.336461  0.76787 0.545133  0.742636  0.335311 -0.579706
 0.579975  -0.16153 -0.798459 0.407971 0.733104 0.544168
 0.777129 0.0699939 -0.625437 0.439496 0.662826 0.606222
 0.410336 -0.310142 -0.857576 0.514076 0.655927 0.552707
  0.50193 -0.276358 -0.819568 0.491384 0.663054 0.564713
 0.803532  0.365645 -0.469723 0.509671 0.643489 0.571102
 0.608101  0.204645 -0.767029 0.561241 0.656657 0.503795
0.692526 0.265395  -0.6708 0.472117 0.734745 0.487088
 0.715152  0.305034 -0.628897 0.535255 0.655391 0.532884
 0.773768  0.375693 -0.510037 0.412333 0.732378 0.541852
 0.535877 -0.165565 -0.827904 0.450023 0.738505 0.502085
 0.786467  0.176042 -0.592012 0.491897  0.66063 0.567102
 0.509575 -0.171141 -0.843234 0.467029 0.736465 0.489392
 0.56301 0.682044 0.466729    0.5614 -0.594393 -0.575784
 0.704484 -0.483647  -0.51941   0.4463 0.765608 0.463316
 0.520764 -0.587633 -0.619267 0.444306 0.761069 0.472616
0.641873 -0.55734 -0.52666 0.498784 0.741883 0.448134
 0.750421  -0.45477 -0.479638 0.547774 0.705936 0.448997
 0.128148 -0.761712 -0.635116 0.586209 0.673932 0.449639
0.117127 0.784461 0.609017  0.989042  0.142804 0.0374559
-nan -nan -nan -nan -nan -nan
0.479259 0.707033 0.520014    0.5423 -0.639031 -0.545482
0.938661 0.276689 0.205812 0.202047 0.726221   0.6571
0.619622 0.640557 0.453601  0.259312 -0.719412 -0.644363
 0.883019 -0.286289 -0.371909 0.369142 0.735482 0.568156
 0.837985 -0.350052 -0.418623 0.440525 0.728357 0.524818
 0.11761 0.799989 0.588375 0.809521 0.521622 0.269418
0.209179 0.775642 0.595503  0.979982 -0.112714 -0.164108
0.0455859 0.781349 0.622427 0.849638 0.463113 0.252273
0.958996 0.160902 0.233318 0.338343 0.558387 0.757448
0.918664 0.330225 0.216814 0.245717 0.632244 0.734772
  0.81178 -0.145365 -0.565581 0.373247 0.502054 0.780146
0.870116 0.433341 0.234762 0.293277 0.580071 0.759938
 0.487567 -0.231035 -0.841963 0.480836 0.370337 0.794762
 0.93034 0.233564 0.282692 0.419242 0.295109 0.858573
0.926806 0.265528 0.265565 0.414565 0.369842 0.831476
 0.983959   0.14602 -0.102484 0.448667 0.369778 0.813611
  0.552745 -0.0823768  -0.829269 0.527653 0.501359 0.685727
 0.918162  0.381202 -0.107999 0.417628 0.595432  0.68633
 0.232781 -0.415942 -0.879093 0.502233 0.582312 0.639277
 0.941211  0.302843 -0.149695 0.427031 0.581999 0.692042
0.00612398 0.564697 0.825276 0.536001 0.499403 0.680661
0.938501 0.325408 0.115434 0.343296 0.472217 0.811886
0.0636984 -0.39745 -0.91541 0.557796  0.41675 0.717763
0.803035 0.310803 0.508465 0.352581 0.465219 0.811947
0.0350043 0.702292 0.711027 0.673308 0.666716 0.319602
 0.871866  0.125289 -0.473447 0.425979 0.694372 0.579991
 0.17592 0.736869 0.652745 0.685712 0.682189 0.253804
   0.86723 -0.0055535  -0.497876 0.395143 0.737537 0.547632
0.148986 0.729298 0.667778 0.534702 0.749294 0.390707
 0.861886  0.468086 -0.195061 0.119526 0.718292 0.685398
  0.887868   0.460016 0.00873248 0.373319 0.756227 0.537358
0.368005 0.758031  0.53848  0.198902 -0.580925 -0.789281
   0.93336   0.349491 -0.0818212 0.408176 0.760732 0.504657
0.869771 0.454794 0.191468 0.460296 0.748958 0.476644
0.187328 0.745952 0.639111 0.792763   0.5768 0.197052
 0.41766 0.760558 0.497103  0.942216  0.305376 -0.137745
0.289453 0.745156 0.600799  0.860247  0.507586 0.0482795
0.221484 0.736591 0.639045 0.773452 0.619833 0.132587
0.549709 0.735463 0.396125  0.200866 -0.646718 -0.735805
0.146267 0.732769 0.664572 0.704656 0.659904 0.260743
0.357512 0.742197 0.566859  0.957964  0.161742 -0.236947
  0.957685   0.283798 -0.0479449 0.190869 0.803413 0.564001
0.410277 0.734777 0.540162   0.943261 -0.0849032  -0.321013
0.422874 0.733739 0.531793  0.928543 -0.108917 -0.354889
 0.920833 -0.167367 -0.352214  0.30476 0.740117 0.599457
0.793647 0.506407 0.337159 0.188339 0.672183 0.716029
 0.282947 -0.641327 -0.713191 0.487979 0.616592 0.617812
 0.905911 -0.231681  -0.35447 0.362696 0.649639 0.668147
  0.922434   0.384798 -0.0323499 0.380576 0.663577 0.644071
 0.881541 0.0146717 -0.471879 0.431872 0.667515 0.606555
 0.937762  0.150577 -0.312936  0.40754 0.729482 0.549333
 0.935193  0.289854 -0.203466 0.397437 0.668093 0.629043
 0.27048 0.739932 0.615907 0.855962 0.498863 0.135882
0.416346 0.723086 0.551184  0.670623 -0.455471   -0.5855
 0.118049 -0.631574 -0.766276 0.532499 0.644045 0.549228
 0.601981 -0.457112 -0.654726 0.491668 0.704915 0.511232
0.682332 0.517239 0.516611  0.324999 -0.850864 -0.412804
 0.65741 0.540575 0.524968 0.00630897 0.884794 0.465939
-nan -nan -nan -nan -nan -nan
0.548242 0.665962 0.505891  0.134679 -0.893429  -0.42854
 0.959782 -0.168688  0.224416 0.0347658 0.900435 0.433599
 0.060392 -0.899184 -0.433382 0.0810602 0.881489 0.465195
0.915216 0.114191 0.386445  0.243367 -0.893681 -0.376969
 0.846781 -0.531266 0.0267998 0.356513 0.795858 0.489396
0.779452 0.396625 0.484916  0.245394 -0.869011 -0.429653
0.916697 0.127192 0.378798 0.0347832 -0.808049 -0.588088
0.742156 0.43817 0.50716  0.258931  -0.84272 -0.471994
0.860597 0.310298 0.403841 0.00908494 0.836921 0.547248
 0.55812 0.634936 0.534189  0.435481  -0.81985 -0.371757
  0.949827 0.00292222   0.312761 0.0560404 0.898465 0.435455
0.790359 0.401821 0.462464  0.273725 -0.872471 -0.404807
0.905506 0.138216 0.401193   0.18365 -0.884711 -0.428439
0.753652 0.354552 0.553446 0.00909523  0.65426 0.756215
 0.972111 -0.231765 0.0358467 0.142747  0.65302 0.743766
0.903505 0.047239 0.425967 0.00190606 -0.538917 -0.842357
  0.983272  -0.181614 -0.0138478 0.131975 0.636163 0.760184
 0.982946 0.0599643  0.173842 0.18694 0.35942 0.91426
 0.933289 -0.028739 -0.357975 0.0770779 -0.281469  -0.95647
0.960675 0.190952 0.201597 0.260848 0.370999 0.891245
  0.964663 -0.0371345  -0.260858 0.275347 0.351691 0.894705
0.842727 0.317465 0.434772 0.207046  0.50979 0.835013
  0.998457  0.0378577 -0.0406166 0.270901 0.630163 0.727673
 0.98061 0.100491 -0.16824 0.241086 0.586395 0.773317
 0.983838 -0.141367 -0.109901 0.259437 0.596989 0.759142
0.598518 0.526651 0.603667 0.0168553 0.567995  0.82286
0.639342 0.360565 0.679142 0.00928882 0.446244 0.894863
 0.997574 0.0419976 0.0555213  0.25212 0.486324 0.836615
 0.680351 -0.227424 -0.696707 0.268521 0.476689 0.837057
0.952376 0.240229 0.187803  0.24537 0.761457 0.599981
 0.993798 0.0123957 -0.110509 0.262291 0.718938 0.643686
0.117813  0.78616 0.606689 0.895281 0.367965 0.251144
0.825124 0.444818 0.348293 0.0303978 0.784766 0.619046
0.263967 0.764027 0.588714  0.552318 -0.675597 -0.488379
  0.6294 0.609704 0.481785  0.120371 -0.792542 -0.597819
0.747266 0.462789 0.476885 0.0331091 -0.817102 -0.575541
0.200578  0.77574 0.598328  0.633295 -0.627192 -0.453396
0.759075 0.447225  0.47307 0.0243178 -0.838656 -0.544119
0.591127 0.568204 0.572463 0.00799865 0.863097 0.504975
0.314825 0.764208 0.562913  0.824326 -0.520773 -0.221996
0.280251 0.784289 0.553489  0.417146  -0.79193 -0.445909
0.461329 0.715883 0.524106  0.439139 -0.742011 -0.506533
0.440105 0.723958 0.531218  0.566272 -0.659895 -0.493837
0.374095 0.745772 0.551251  0.327935 -0.788981 -0.519585
0.373568 0.740173 0.559098   0.49149 -0.727654 -0.478494
0.528143 0.668782 0.523255  0.356496 -0.798326 -0.485372
0.588529 0.636401 0.498625  0.222723 -0.867049 -0.445669
0.490121 0.686384  0.53727  0.546673 -0.749848 -0.372662
0.672362 0.544339 0.501623  0.129557 -0.847028 -0.515518
0.788834 0.421699 0.447113 0.0363933 -0.816739 -0.575859
0.866653 0.307407 0.392955 0.00545197 -0.758154 -0.652053
 0.972592 0.0861155  0.215983 0.119203 0.721817 0.681741
 0.957817 0.0567178  0.281727 0.0882454 0.743074 0.663366
0.627963 0.589918 0.507601 0.0101444 0.696199 0.717777
 0.875445 -0.358221  -0.32446 0.313228 0.666881 0.676134
0.789467 0.472766 0.391451 0.0997293 0.778834 0.619251
 0.85698 0.393818 0.332405 0.131073 0.691199 0.710679
0.545323 0.635044 0.547121  0.360805 -0.765247  -0.53312
0.696384 0.507669 0.507268  0.159089 -0.818804  -0.55159
0.730275 0.461815 0.503413 0.00827318  0.73615 0.676768
0.823973 0.402222 0.399107 0.0940921 0.789474 0.606529
  0.923744 -0.0738181    0.37583  0.117229 -0.915663 -0.384471
 0.851936 -0.510905  0.114809  0.330694 -0.922797 -0.197706
 0.753958 -0.647636  0.110071 0.196999 0.893997 0.402445
 0.857915 -0.477332  0.190092 0.00234356 -0.941523 -0.336941
 0.818003 -0.561603  0.124389 0.341572 0.819877 0.459488
  0.772379  -0.631703 -0.0661954 0.335247 0.828048 0.449383
 0.889534 -0.398098  0.224158 0.0277462 -0.911971 -0.409315
 0.816552 -0.565308  0.116919 0.309703 0.837825 0.449592
 0.894395 -0.294622  0.336534  0.256926 -0.886538 -0.384758
 0.893311 -0.103607  0.437334  0.407933 -0.815061  -0.41142
  0.896447 -0.0863181   0.434663  0.224506 -0.865169  -0.44842
0.777201 0.298797 0.553786   0.46273 -0.830278 -0.310676
0.861761 0.151866  0.48405  0.263468  -0.91098 -0.317332
 0.810952 -0.552578  0.192392 0.318133 0.832794  0.45304
0.892998 -0.37427 0.249951 0.00559112 -0.910171 -0.414194
 0.901543 -0.166965  0.399178  0.288519 -0.915718 -0.279673
 0.891739 0.0461634  0.450188  0.296574 -0.672263 -0.678311
 0.927879 -0.256082  0.271041  0.307956  -0.70312 -0.640925
  0.868257 -0.0869652   0.488432  0.371841 -0.543112 -0.752837
  0.940934 -0.0912799   0.326054  0.292334 -0.671214 -0.681185
   0.840052 -0.00755981    0.542453  0.305454 -0.348738 -0.886047
 0.532315 -0.277937  -0.79962  0.055684 -0.295298 -0.953781
0.949942 0.151665 0.273146  0.188853 -0.357283 -0.914704
 0.825643 -0.228812 -0.515712   0.12524 -0.316661 -0.940234
0.939315 0.168377 0.298892 0.0718681 -0.546317 -0.834489
 0.84738 0.309172 0.431694  0.133556 -0.683088 -0.718021
0.876687 0.195815 0.439405  0.230658 -0.654427 -0.720085
0.934877 0.102207  0.33994   0.11915 -0.654333 -0.746761
0.816348 0.238713 0.525921  0.278613 -0.647099 -0.709674
0.807528 0.135709 0.574005  0.354735 -0.486487 -0.798432
  0.986751 -0.0434133   0.156327  0.113355 -0.495819 -0.860996
  0.981705 -0.0358016    0.18701  0.218465 -0.498876 -0.838687
  0.9491 0.132105 0.285931 0.0680362 0.845576 0.529502
0.890911 0.256034 0.375133 0.0170286 0.801282 0.598044
0.829992 0.340538 0.441753   0.03659 -0.866511 -0.497816
0.891175 0.203743 0.405334 0.0441963 -0.861817  -0.50529
0.780334 0.405726 0.475884  0.262645  -0.88983 -0.373121
-nan -nan -nan -nan -nan -nan
-nan -nan -nan -nan -nan -nan
0.382689 0.772013  0.50749  0.391141 -0.877291 -0.278153
0.0161576 0.912081 0.409692 0.0434492 -0.921797 -0.385231
 0.146084 -0.949259 -0.278507  0.438118 -0.890592 -0.122061
 0.952613 0.0894378   0.29074 0.0885016 0.888023 0.451201
0.278951 0.867692 0.411457  0.230077 -0.929201 -0.289223
0.681913 0.569837 0.458564  0.147477 -0.906205 -0.396286
0.712162 0.495312 0.497485  0.292647 -0.885712 -0.360377
0.410832 0.765268 0.495562  0.202159 -0.918195  -0.34066
 0.62262 0.581236 0.523935  0.268431 -0.891509 -0.364906
0.959373 0.027778 0.280769 0.0772327 0.886887 0.455485
 0.90686 0.178049 0.381972  0.194291 -0.950135 -0.243915
 0.927198 0.0644624  0.368982 0.0246394 -0.901027 -0.433063
  0.947582 -0.0063842   0.319448 0.0434796 0.893945 0.446063
0.520294 0.584815 0.622322  0.456285 -0.811996 -0.363959
0.788988 0.270302 0.551755  0.383196 -0.777821 -0.498151
0.860945 0.172979 0.478385  0.257084 -0.766812 -0.588139
 0.883507 0.0351365  0.467098  0.304216 -0.785644 -0.538717
  0.970864 -0.0950094   0.219993 0.0938296 -0.759326  -0.64391
   0.954526 0.000328269    0.298129 0.00229441 0.773769 0.633464
 0.974118 -0.108079   0.19853 0.0829137 0.830453 0.550885
 0.974836 0.0316051  0.220671 0.0429792 -0.776173 -0.629053
  0.97484 -0.179844   0.13169 0.0477326 0.836494 0.545894
 0.951648 -0.172519  0.254173 0.0651776  -0.83894 -0.540307
  0.92047 0.0646818  0.385423  0.196809 -0.768431 -0.608918
  0.845783  -0.530259 -0.0589598 0.112109 0.803016 0.585317
 0.589089  -0.77719 -0.221245 0.740866 0.386365 0.549399
 0.882018 -0.470784 0.0201684  0.457034 -0.833284 -0.311058
 0.879623 -0.473515 0.0452404  0.143412 -0.872927 -0.466295
 0.541481 -0.801964 -0.252293 0.629302 0.518747 0.578689
  0.818611  -0.572908 -0.0406342  0.131486 -0.857584 -0.497254
  0.778299  -0.627771 -0.0124373 0.159632  0.76183 0.627799
 0.314889 -0.856806 -0.408325  0.916034 -0.269884  0.296722
 0.352124 -0.843012  -0.40662   0.876581 0.00582577   0.481219
0.689308 0.324326 0.647818  0.632232 -0.751237 -0.189542
0.886248 -0.33539 0.319496  0.482497 -0.763175 -0.429839
0.890132 -0.42226 0.171353  0.331364 -0.833939 -0.441297
 0.870316 -0.478135   0.11806   0.22462 -0.835905 -0.500808
 0.689726 -0.714728 -0.115942 0.396999 0.669568  0.62775
 0.662442 -0.732213 -0.158222 0.702308 0.399874 0.588952
 0.639696 -0.751295 -0.162309 0.519068 0.557951 0.647502
 0.534633 -0.803413 -0.262099 0.838022 0.185053 0.513298
 0.869071 -0.188899  0.457201  0.562994 -0.614707 -0.552424
 0.879797 -0.243845  0.408041   0.58711 -0.653533 -0.477698
 0.848213 -0.130814  0.513247   0.68043 -0.521444 -0.514889
 0.792985 0.0735074  0.604791  0.631523 -0.608606 -0.480392
 0.898913 -0.158794  0.408339  0.723197 -0.345699 -0.597895
-nan -nan -nan -nan -nan -nan
   0.908945 -0.00838272    0.416832   0.67977 -0.338802 -0.650481
 0.569089 0.0689599  0.819379  0.743627  -0.32762 -0.582825
 0.952062 0.0531563  0.301251  0.479705  -0.53702 -0.693897
0.732054 0.313844 0.604647  0.482022 -0.684838  -0.54649
 0.966589 -0.212012  0.144072  0.443074 -0.664252 -0.602042
 0.836157 0.0933371   0.54049  0.477689 -0.664531 -0.574641
   0.887536   -0.460736 -0.00160164  0.480394 -0.613716 -0.626558
   0.7965 0.0526933  0.602338  0.701236 -0.472036 -0.534276
 0.962464 -0.264099 0.0625711 0.525052 -0.46218 -0.71464
0.477576  0.14669 0.866258  0.654098 -0.475606  -0.58818
  0.948503 -0.0782778   0.306944  0.151901 -0.867012  -0.47457
0.893547 0.084583 0.440929  0.367412 -0.815035 -0.448024
 0.933306 -0.253476  0.254342  0.208897 -0.888729 -0.408072
  0.88047 -0.433836  0.191203  0.377093 -0.853713  -0.35913
0.919271 0.105019 0.379358 0.232639 0.855841 0.461968
0.368393 0.788788 0.492036   0.705173  -0.706371 -0.0614096
 0.949127 0.0383817  0.312546  0.159475 -0.921559 -0.353974
 0.922462 0.0979879  0.373446  0.254277 -0.913733 -0.316916
-nan -nan -nan -nan -nan -nan
 0.758371 -0.642347 -0.110742  0.575617 -0.784242 -0.231581
 0.869059 -0.493297 0.0373459 0.309501 0.791256 0.527374
  0.747911  -0.659881 -0.0720186 0.707982 0.497002 0.501748
 0.856297  -0.51051 0.0783304 0.0649402  0.86391 0.499442
 0.845316 -0.519592  0.124359  0.110531 -0.900693  -0.42016
-nan -nan -nan -nan -nan -nan
  0.94656 0.0170374  0.322076 0.0279921 0.892732 0.449718
  0.802928  -0.596075 0.00100768 0.208543 0.804137 0.556662
 0.673122 -0.724884  -0.14646  0.917678 0.0768093  0.389829
 0.708397 -0.698416  -0.10193  0.39808 0.689301 0.605307
 0.716038 -0.687426 -0.121389 0.492623 0.662985 0.563714
 0.889848 -0.428056  0.157921  0.333076 -0.833041 -0.441704
 0.871798 -0.016231  0.489596  0.514317  -0.73383 -0.443815
 0.873052 -0.480393 0.0836807  0.422201 -0.744262 -0.517513
 0.904906 -0.361986  0.223855  0.450476 -0.741294 -0.497549
 0.926875 -0.114566   0.35746  0.431478 -0.758685 -0.488081
 0.913618 -0.231053   0.33454  0.377613 -0.786652 -0.488453
 0.930588 -0.242522  0.274205  0.350215 -0.841609  -0.41115
  0.940801 -0.0285388   0.337755  0.409717 -0.773638 -0.483339
 0.941815 -0.257883  0.215593  0.204125 -0.850656 -0.484476
  0.833591  -0.552343 0.00664874  0.074989 -0.829598 -0.553302
0.942769 -0.26751  0.19906  0.410736 -0.759941 -0.503771
 0.932401 -0.182229  0.312125  0.375958 -0.830572  -0.41086
 0.618561 -0.757839 -0.207516  0.769841 -0.029361   0.63756
 0.873674 -0.461546  0.153848  0.600234 -0.762647 -0.241017
 0.854692 -0.324329  0.405354  0.563196 -0.776437 -0.282765
 0.570952 -0.775194 -0.270348  0.843986 -0.274672  0.460698
  0.729736 -0.0539033   0.681601  0.544715 -0.782492 -0.301649
-nan -nan -nan -nan -nan -nan
 0.587928 -0.769818 -0.248435 0.351048 0.349817 0.868558
 0.359459 -0.776382 -0.517706 0.778116 -0.59025 0.214804
 0.572148 -0.766725  -0.29117   0.76458 -0.299091   0.57093
 0.707337 -0.310068  0.635242  0.623925 -0.705819 -0.335466
 0.351776 -0.760657 -0.545578   0.76064 -0.645562 0.0683881
 0.789742 -0.572799  0.219563  0.466903  -0.77023 -0.434451
 0.658877 -0.741428 -0.127147 0.0709749 -0.695155 -0.715347
 0.531282 -0.784427 -0.320022  0.802145 -0.233516  0.549577
 0.584982 -0.769963 -0.254858  0.592764 0.0663379   0.80264
 0.636389 -0.748737  -0.18548 0.143333 0.589595  0.79488
 0.760539 -0.285541  0.583135  0.727648 -0.559676 -0.396599
  0.61221 -0.157395  0.774871  0.737931 -0.603922 -0.301223
 0.610252 -0.106318   0.78504  0.814469 -0.489633 -0.311289
0.395307 0.173283 0.902056  0.782196 -0.553328 -0.286352
0.840554 -0.23514 0.488035  0.862133 -0.354447  -0.36207
 0.133925 -0.103702 -0.985551  0.820557 -0.269672 -0.503947
0.0809355 -0.217373 -0.972727   0.86923 -0.345621 -0.353533
0.790405 -0.17894 0.585867  0.868503 -0.346268 -0.354685
 0.957843 -0.176618  0.226589  0.682915 -0.514861 -0.518214
0.798243 0.125862 0.589039  0.646438 -0.633431 -0.425304
 0.881894 -0.214336  0.419909  0.667055 -0.602893 -0.437673
 0.715478 0.0632728  0.695764  0.684244  -0.59645 -0.419592
0.854191 -0.50009 0.142364  0.684604 -0.560315 -0.466223
   0.629402 -0.00452198    0.777066  0.829812 -0.451268 -0.328283
 0.921431 -0.383775 0.0606727  0.737047 -0.429049 -0.522187
0.0731148 0.116738 0.990468  0.809467 -0.450864 -0.376145
 0.823275 -0.563926 0.0648473  0.116301 -0.792268 -0.598987
 0.843184 0.0537072  0.534935  0.498989 -0.759923 -0.416565
  0.765908  -0.642162 -0.0318232 0.0978136 0.770092  0.63039
 0.848406 -0.115147   0.51667  0.515928  -0.79177 -0.326984
 0.484011 -0.824216 -0.293941  0.865103 0.0205836  0.501173
0.170901 0.723784 0.668528   0.743656  -0.668443 -0.0126295
0.695455 0.285619 0.659366  0.597909 -0.784446 -0.164773
0.426998  0.61721 0.660852  0.777723 -0.628152 0.0239338
 0.919908 -0.262097  0.291676   0.38744 -0.853695 -0.347987
 0.893818 -0.156977  0.420057  0.626451 -0.757246 -0.184764
 0.695321 -0.710532 -0.108041 0.415408 0.563716 0.713905
  0.699815  -0.709352 -0.0841283   0.847376 -0.0362176   0.529757
  0.720061  -0.691739 -0.0548652 0.302615 0.623902 0.720535
   0.8483 -0.508682  0.147071  0.259604 -0.847939 -0.462174
 0.891511 -0.285036  0.352083  0.452413 -0.841544 -0.295171
  0.712496  -0.696766 -0.0828676 0.371378 0.634783  0.67759
  0.688004  -0.719576 -0.0941364   0.4716 0.425444 0.772393
 0.867317 -0.383429  0.317402 0.473166 0.466228 0.747493
 0.637488 -0.751729 -0.168857  0.688555 0.0850718  0.720177
 0.686986 -0.716846 -0.119086  0.41758  0.50751 0.753698
 0.810896 -0.308276  0.497406  0.582062  -0.75842 -0.293263
0.480824 0.146076 0.864563  0.682519  -0.66756 -0.297544
 0.832598 -0.457546  0.312141  0.629667 -0.675049 -0.384485
 0.819468 -0.392287  0.417833  0.636522 -0.674648 -0.373752
 0.850408 -0.296169  0.434845  0.615921 -0.690268 -0.379699
  0.810717 -0.0590633   0.582451  0.594488 -0.712951 -0.371866
 0.761277 0.0127695  0.648301  0.606682 -0.753812 -0.252397
   0.83874 -0.0476482   0.542443  0.581032 -0.713655 -0.391277
 0.807563 -0.586273 0.0642397  0.215344 -0.776105 -0.592696
  0.62579 -0.744397 -0.232939  0.681422 0.0742609  0.728114
0.865647 -0.28913 0.408729  0.612263 -0.688122 -0.389386
 0.793418 -0.132859     0.594  0.590099 -0.756283 -0.282524
 0.574904 -0.743997  -0.34052 0.661766 -0.61019 0.435585
  0.62497 -0.772103 -0.115195  0.464548 -0.765351 -0.445458
 0.706534 -0.615674  0.348934  0.599001 -0.766239 -0.232543
 0.651857 -0.757715 0.0308347  0.520924 -0.750164 -0.407299
 0.601943 -0.478231    0.6395  0.622157 -0.753464 -0.212633
 0.589354 -0.667645  0.454875  0.556415 -0.712125 -0.428112
 0.646377 -0.752939 -0.123612  0.338647 -0.523118 -0.782091
 0.619064 -0.743271 -0.253592 0.368874 -0.25746 0.893111
 0.651978 -0.745825 -0.136641 0.0517018 -0.212561 -0.975779
  0.118699 -0.0631105   0.990923  0.700316 -0.700976 -0.134868
 0.506297 -0.662372 -0.552202   0.68627 -0.699067  0.200845
 0.613268 -0.562812  0.554206  0.608432 -0.721445 -0.330647
 0.669899 -0.681575  0.294433  0.539251 -0.717848 -0.440345
  0.656416  -0.752574 -0.0524356  0.290131 -0.542703 -0.788224
  0.660643  -0.750415 -0.0206813  0.431776 -0.607748 -0.666492
  0.664517  -0.746805 -0.0264353  0.310096 -0.553288 -0.773119
  0.185775 -0.0725265   0.979912  0.811468 -0.558087 -0.173374
  0.30632 -0.252253  0.917898   0.78843 -0.597709 -0.145338
 0.0719123 -0.0754046   0.994557   0.868014   -0.48821 -0.0905676
0.00203775 0.106227  0.99434  0.821295  -0.56009 -0.108506
 0.502306 -0.212046  0.838287   0.92215 -0.353785 -0.156446
 0.912964 -0.280287  0.296539  0.911334 -0.271297 -0.309627
 0.195583 0.0650063   0.97853  0.920335 -0.349425 -0.175745
   0.22429 -0.0572136   0.972842  0.930158 -0.343576 -0.129469
 0.740929 -0.114568  0.661739  0.824566 -0.483441 -0.293896
0.484317 0.120342 0.866577  0.764108 -0.591464 -0.257505
  0.499801 -0.0285061   0.865671  0.798017 -0.557886 -0.227887
   0.46855 -0.0262739   0.883046  0.791445 -0.561439 -0.241664
  0.266491 -0.0365821   0.963143  0.819526 -0.542039 -0.185933
  0.25489 -0.216404 -0.942444     0.8952  -0.438498 -0.0795993
 0.781258 -0.312951   0.54009  0.856241 -0.433783 -0.280507
 0.111198 0.0265203  0.993444  0.876809 -0.439383 -0.195317
  0.697261  -0.714658 -0.0556009 0.0711037  -0.53954 -0.838952
  0.612026 0.00249555   0.790834  0.633304 -0.704962 -0.319303
  0.704821  -0.708894 -0.0263803  0.150876  -0.66536 -0.731117
0.151297 0.378335 0.913221   0.66159 -0.733368 -0.156428
 0.417299  -0.76994 -0.482758   0.77199 -0.472444  0.425239
-nan -nan -nan -nan -nan -nan
-nan -nan -nan -nan -nan -nan
 0.668494 -0.219394  0.710621  0.500868 -0.799897   -0.3306
 0.288439 -0.660486 -0.693226  0.649694 -0.759715 -0.027033
0.0372209 0.414471 0.909301  0.646568 -0.762745  -0.01299
  0.63283 -0.755497 -0.169559 0.352186 0.120202 0.928179
0.0202363 0.467282 0.883877  0.699651 -0.678253  0.224636
  0.65182 -0.747413 -0.128471 0.204092  0.31017 0.928516
 0.533705 -0.775516 -0.337244  0.765608 -0.442909  0.466559
 0.616113   -0.7692 -0.169515  0.738616 -0.463943  0.489084
 0.651729 -0.749381 -0.116953 0.182928 0.397469 0.899197
 0.634683 -0.752447 -0.176073   0.432336 -0.0602526   0.899697
 0.316025 0.0601393  0.946843  0.536719 -0.777089 -0.328733
 0.617278 -0.752306 -0.230225   0.57462 -0.380916  0.724372
 0.616988 -0.756059 -0.218406  0.532564 -0.241078   0.81133
 0.328659 -0.097817   0.93937  0.672225 -0.731007 -0.117228
  0.208142 -0.0127026   0.978016  0.724845 -0.668845 -0.165065
 0.379119 -0.155075  0.912261  0.734501 -0.657864 -0.166505
 0.343017 -0.190486  0.919812  0.728177 -0.669215 -0.148018
0.0455906 -0.351587 -0.935045  0.748196 -0.647244 -0.145869
 0.418092 0.0361367  0.907686  0.714896 -0.665017 -0.216048
0.0232736 -0.428811 -0.903094   0.695364  -0.715812 -0.0638838
0.241363  0.23654 0.941166  0.722315 -0.659873  -0.20695
 0.658845 -0.732288 -0.172274   0.391369 0.00309822   0.920229
  0.57282 -0.714647 -0.401444  0.702529 -0.618102  0.352709
0.0629795 -0.310101 -0.948615  0.743796 -0.656761 -0.124228
0.196688 0.131053 0.971668   0.682108  -0.724421 -0.0997105
 0.662813 -0.689435 -0.292163  0.307983 -0.604774  0.734435
  0.218242 -0.0280166  -0.975492  0.557699 -0.795416  0.237244
   0.29233 -0.0320922  -0.955779  0.564583 -0.801308  0.197867
 0.585804 -0.799407   0.13335  0.174901  0.107125 -0.978741
0.0414625   0.30907 -0.950135  0.578306 -0.797764  0.170689
 0.106547  0.313112 -0.943721   0.627487  -0.778589 0.00770646
0.676873 -0.63747 -0.36807  0.423016 -0.754176  0.502271
 0.527899 -0.797369  0.292447  0.597391 -0.406282 -0.691418
 0.690486 -0.652973 -0.311217 0.392566  -0.7096 0.585116
 0.531349 -0.183604 -0.827017  0.629883 -0.727197  0.272822
 0.679572 -0.613249 -0.402626  0.430553 -0.685158  0.587522
 0.394101 -0.106422 -0.912885  0.609767 -0.758798  0.228931
 0.668609 -0.702861 -0.242794  0.301216 -0.610099  0.732835
 0.263371 -0.633881  0.727207  0.642622 -0.660875 -0.387662
 0.670076  -0.72678 -0.150963  0.248322 -0.619082  0.745033
 0.667645 -0.717117 -0.199984 0.243165 -0.59588 0.765374
 0.573437 -0.143622 -0.806562  0.798787 -0.585437  0.138575
 0.089796 -0.372838  0.923541  0.790201 -0.604547   0.10052
 0.241341  0.184807 -0.952681  0.859539 -0.488668  0.149654
0.0789688   0.17998 -0.980495   0.80351 -0.584852  0.110991
0.0408721 0.200648 -0.97881  0.933026 -0.350075 0.0831307
  0.93947 -0.245802 -0.238698  0.900774 -0.310202  0.303942
  0.217575 -0.0855712   0.972285  0.932931 -0.359688 0.0162586
 0.877488 -0.352752  0.324933   0.91489 -0.274787 -0.295751
  0.159594 -0.0147919   0.987072   0.873464  -0.483966 -0.0532756
 0.117105 -0.180142 -0.976645    0.80028  -0.597038 -0.0556573
  0.215658 -0.0923573   0.972091   0.828481  -0.559739 -0.0176124
 0.141107 -0.137461  0.980405   0.821963  -0.567439 -0.0488875
 0.637095 -0.338509 -0.692476 0.830826 -0.54194 0.126604
 0.531613 -0.112986 -0.839417  0.882668 -0.444715  0.152073
0.357015 -0.25979 0.897246   0.896283  -0.442217 -0.0334712
 0.220685 -0.185968  0.957452  0.895358 -0.444934 0.0191502
 0.663296 -0.734348  0.144121  0.451794 -0.499415 -0.739234
 0.376538 -0.261033  0.888865  0.671083 -0.687496 -0.277483
 0.665645 -0.743814 0.0604764  0.405147 -0.523021  -0.74987
 0.319761 -0.383214 -0.866545    0.673096   -0.739532 -0.00587679
 0.636865  -0.74632 -0.193417  0.138996 -0.234874 -0.962037
 0.533629 -0.645914 -0.545926  0.520844 -0.623005  0.583598
 0.391045 -0.396879 -0.830404   0.626959  -0.776735 -0.0600471
 0.611093 -0.763661 -0.208296 0.00316104 0.0387058  0.999246
  0.60984 -0.791784 0.0342612 0.0364842 -0.173196  0.984211
 0.506355 -0.475724  -0.71923   0.55316 -0.787845  0.270766
 0.647868 -0.758686 -0.068284   0.130063 -0.0468351  -0.990399
 0.616526 -0.776721 -0.128841 0.0503534 -0.196042  0.979302
 0.637913  -0.73904 -0.216534 0.0772641 -0.114468  0.990418
 0.646412 -0.751687 -0.130838  0.212402 -0.314915 -0.925048
  0.45218 -0.539821 -0.710019  0.20321 -0.31217 0.928038
 0.634475 -0.733203 -0.244653  0.0520885 -0.0872412   0.994824
   0.65248  -0.755951 -0.0529953 0.0945436 0.0295697 -0.995081
  0.221317 -0.0611674  -0.973282  0.150596 -0.408782  0.900121
   0.651153   -0.758908 -0.00759324 0.0658616 0.181139 -0.98125
  0.646529  -0.762731 -0.0155262  0.114461 0.0750809 -0.990586
  0.268415 -0.0139499  -0.963202  0.637423 -0.748106  0.184472
 0.386249 -0.133452 -0.912689  0.709159 -0.686254  0.161703
 0.150871 -0.401072  0.903537  0.736771  -0.67396 0.0542857
0.00946619 0.288875 -0.95732  0.725606 -0.681256 0.0968801
 0.536187 -0.462604 -0.706046  0.743441 -0.659429  0.111574
 0.129688 -0.161855  0.978256   0.737719  -0.668924 -0.0911655
 0.474053 -0.473714 -0.742206  0.65795 -0.72602 0.199994
 0.191551 -0.196729 -0.961564   0.742731  -0.666858 -0.0604244
 0.671041 -0.741332 0.0114273    0.19892 -0.0991795  -0.974984
 0.684304 -0.694066  -0.22361   0.35632 -0.579583  0.732885
 0.717324 -0.602259  -0.35033  0.618801 -0.645942   0.44704
 0.656472 -0.628375 -0.417361  0.490431 -0.644764  0.586308
0.502942 -0.79582 0.337224  0.451808   0.20525 -0.868183
   0.60015 -0.0758025  -0.796288  0.387255 -0.786217  0.481556
 0.735542 -0.217889 -0.641484  0.379701 -0.793932  0.474867
 0.488562 -0.795576  0.358281  0.551809 0.0706108 -0.830976
0.394838 0.321105 -0.86081  0.460114 -0.798467  0.388259
 0.820407  -0.37666 -0.430185  0.541029 -0.789767  0.289061
 0.465201 -0.793956  0.391436  0.301367  0.456819 -0.836956
 0.488723 -0.793488  0.362667   0.59856  0.129769 -0.790497
 0.565423  0.196274 -0.801108  0.523196 -0.769618  0.365997
 0.841841 -0.229569 -0.488468  0.551452 -0.719044  0.422938
 0.808029 -0.345266 -0.477368  0.352902 -0.753774  0.554333
 0.359879  0.373884 -0.854808  0.592567 -0.752662  0.286992
 0.447141 -0.793994  0.411871   0.42955  0.289191 -0.855485
 0.114872  0.575276 -0.809853  0.751918 -0.642961  -0.14567
 0.132342   0.58356 -0.801213  0.527541 -0.787613  0.318382
 0.444365 -0.794217  0.414438   0.42317  0.298088 -0.855611
 0.788255 -0.126638 -0.602177 0.730139 -0.57161 0.374377
 0.584825 0.0897263 -0.806182  0.698161 -0.602423  0.386856
 0.540153 0.0757537 -0.838151  0.78364 -0.48629 0.386562
 0.754658 -0.194116 -0.626746  0.708689 -0.582065  0.398698
 0.157539   0.19982 -0.967085  0.869164 -0.360004  0.339045
0.629665 -0.32739 0.704512  0.952825 -0.283697   0.10789
  0.626821 -0.0805761  -0.774985  0.859988 -0.377425   0.34347
 0.372621 -0.338135  0.864187    0.9337 -0.329234  0.140746
   0.392904 -0.00515776   -0.919565  0.834228 -0.498021  0.236723
 0.502851 -0.118706 -0.856183   0.75617 -0.616908  0.218247
 0.240474  0.137024 -0.960935  0.777873 -0.575203  0.253091
 0.279817  0.196873 -0.939651  0.788519 -0.575689   0.21638
 0.255101  0.251879 -0.933531  0.784287 -0.550118  0.286817
 0.697493 -0.111467 -0.707869  0.789656 -0.469406  0.395097
 0.112994  0.273139 -0.955315  0.856954 -0.451216  0.249065
 0.699615 -0.083503 -0.709624   0.81106 -0.463443  0.356934
 0.181473 -0.597745  0.780876  0.709211 -0.686885 -0.158773
 0.209731  0.144108 -0.967081 0.677174  -0.7215 0.144476
 0.126592 -0.540283  0.831907   0.673556  -0.736475 -0.0626627
 0.624247 -0.314333   -0.7152  0.560538 -0.766836  0.312665
 0.508366 -0.788357  0.346493  0.665811 -0.516736 -0.538219
  0.434666 -0.0735613  -0.897582 0.554434 -0.79662 0.240832
 0.591476 -0.226751 -0.773783   0.57808 -0.791454  0.198556
 0.512066 -0.787789   0.34231  0.619336 -0.385554 -0.683938
 0.411827 0.0845154 -0.907334  0.582019 -0.792745  0.181134
 0.717922 -0.389664 -0.576845  0.396681 -0.785905   0.47434
 0.531138 -0.794717  0.293799  0.658907 -0.309624 -0.685547
 0.536347 -0.795063  0.283209   0.550521 -0.0931463  -0.829609
 0.532945 -0.791103   0.30021  0.677227 -0.435495  -0.59305
 0.673866 -0.514276 -0.530494  0.517702 -0.787349  0.334763
 0.667739 -0.739843 -0.082199  0.396152 0.0694517 -0.915554
0.549331 -0.79284 0.263894  0.676991 -0.457516 -0.576509
 0.431545 -0.781315  0.450906  0.715517 -0.416626 -0.560766
 0.551546 -0.795862  0.249803  0.496835 0.0717568 -0.864874
 0.533797 -0.791073  0.298771 0.495765 0.115588 -0.86073
 0.513328 -0.794811  0.323682  0.625598 -0.140641 -0.767363
  0.38664  0.300228 -0.871994  0.582146 -0.753371   0.30584
  0.81533 -0.372557 -0.443213  0.598097 -0.683159  0.419016
 0.313949  0.307305 -0.898332  0.692002 -0.657593  0.297834
 0.647508  0.041996 -0.760901  0.641752 -0.674245  0.365442
  0.44278 0.0675237 -0.894084  0.707892 -0.663427  0.242392
 0.132773  0.339581 -0.931158  0.722964 -0.674309  0.150437
 0.441791 0.0557875 -0.895382  0.649733 -0.745963  0.146238
  0.459942 -0.0558184  -0.886193 0.698917 -0.68059   0.2198
 0.263622 -0.676275  0.687863  0.745136 -0.635261 -0.203019
 0.434479 -0.753598  0.493273    0.7694 -0.392907 -0.503635
 0.404652  0.134817 -0.904478  0.692466 -0.668668  0.270876
 0.467116  0.111785 -0.877101  0.620658 -0.748955  0.232055
 0.127095  0.607667 -0.783957  0.783591 -0.613496 0.0980176
 0.860425 -0.495538  -0.11879  0.513418 -0.777647  0.362859
 0.911124 -0.321345 -0.258052  0.529417 -0.770195  0.355694
0.287962 -0.79763 0.529967   0.825676  -0.564045 -0.0105907
 0.925508 -0.271685 -0.263861  0.602544 -0.737122  0.305928
  0.895897  -0.438997 -0.0681956  0.493522 -0.779241   0.38629
 0.491238  0.445858 -0.748262  0.883128 -0.468732 0.0193818
 0.607365 -0.735086  0.301257  0.925502 -0.266777 -0.268843
 0.415392  0.485561 -0.769208  0.817799 -0.532797  0.217559
 0.575738  0.327893 -0.749007  0.735179 -0.532424  0.419568
0.0297999  0.606102 -0.794829   0.81498 -0.559474  0.150988
0.427818 0.468744 -0.77282  0.761187 -0.576757  0.296557
0.00925336  0.679524 -0.733594  0.835002  -0.54636 0.0652806
 0.533025  0.485254 -0.693119  0.836793 -0.547104 0.0213117
 0.487759  0.475989 -0.731796  0.795244 -0.576402  0.188011
0.0373803 -0.692135    0.7208   0.863221  -0.504824 0.00147193
 0.266665  0.275061 -0.923705   0.74242 -0.502306  0.443284
 0.851848  0.091837 -0.515675  0.633629 -0.485742  0.602137
 0.773366  0.118267 -0.622831  0.671415 -0.403748  0.621442
0.0225559  0.452593 -0.891432  0.787389 -0.428142  0.443524
0.0315609   0.30931 -0.950437   0.77529 -0.317814  0.545821
 0.361244 -0.365196  0.857983  0.778829 0.0667556 -0.623673
  0.26232  0.156648 -0.952181  0.816192 -0.370635  0.443238
 0.539023 -0.346085  0.767906  0.981898  -0.18689 0.0308093
  0.679821 -0.0752454  -0.729507  0.752552 -0.493397  0.436148
 0.839792 -0.293734 -0.456585 0.652205 -0.60997 0.450072
 0.757544 -0.130659 -0.639574  0.688095 -0.551048  0.472093
 0.698904 0.0425981 -0.713946  0.720782 -0.546619  0.426241
 0.649397  0.084455 -0.755745  0.713123 -0.509044  0.482007
0.0195774 -0.35982 0.932816  0.795452 -0.361593  0.486319
0.310319 0.244245 -0.91872  0.808141 -0.415361  0.417593
 0.345427  0.149697 -0.926429  0.762106 -0.424683  0.488712
 0.654095 0.0695776 -0.753206  0.642624 -0.719957    0.2621
 0.604222  0.101321 -0.790348  0.621824 -0.709114  0.332403
 0.181503  0.542591 -0.820153  0.639654 -0.739189  0.210812
 0.695632 0.0981538 -0.711662 0.592191  -0.7306 0.339901
0.0344231   0.65219 -0.757274  0.558517 -0.780558  0.280691
-nan -nan -nan -nan -nan -nan
 0.655574 -0.734725   0.17436  0.381152 -0.795356  0.471308
 0.356553 -0.791813  0.495885  0.521493  0.256282 -0.813858
 0.652699 -0.732528  0.193354   0.21639 -0.780773  0.586148
   0.79736   -0.60329 -0.0160538  0.491761 -0.784144  0.378536
 0.442674  0.352796 -0.824363  0.659783 -0.722687  0.205937
 0.688283 -0.708665  0.155113 0.0411889 -0.735471  0.676303
  0.74979 0.0288099 -0.661048  0.604626 -0.741116  0.291847
 0.077311 -0.705571   0.70441  0.688203 -0.713818  0.129772
 0.406057 -0.794687   0.45121  0.668464 -0.726453   0.15944
 0.070584 -0.701585  0.709081  0.685944 -0.715631  0.131731
 0.731115 0.0951797 -0.675582  0.641022 -0.714595  0.280081
 0.404159 -0.793458   0.45506  0.779048 -0.626167 0.0316128
 0.159915   0.59774 -0.785579  0.758609 -0.635071  0.145595
 0.613856  0.187309 -0.766874  0.687745 -0.696306  0.205338
 0.656638  0.217717 -0.722098   0.68294 -0.642201  0.348096
  0.29269  0.475571 -0.829557  0.752111 -0.524063  0.399608
 0.755408 0.0255961 -0.654755  0.674664 -0.587797  0.446456
 0.378511  0.333733 -0.863337  0.727804 -0.572498  0.377554
 0.692862 0.0865274  -0.71586  0.669146 -0.615454  0.416486
   0.80251 -0.0275105  -0.596004  0.610117 -0.665916  0.429316
 0.874559 -0.243937 -0.419097  0.551932 -0.718366  0.423464
 0.778119 -0.199257 -0.595674  0.644719 -0.662081  0.382082
 0.581222  0.172512 -0.795249  0.679443 -0.685993  0.260329
 0.394332  0.367022 -0.842494  0.725884 -0.644276  0.240834
 0.797675 -0.158241 -0.581958 0.662074 -0.61509 0.428162
 0.866861 -0.150162 -0.475398   0.60275 -0.688082  0.404025
 0.968171 -0.194059  0.158069  0.337267  0.685002 -0.645773
 0.125992 -0.779266  0.613897  0.904143 -0.393019  0.167517
 0.988979 -0.148054        -0  0.988979 -0.148054        -0
 0.683807  0.515709 -0.516191 0.0119385  0.774897 -0.631975
 0.987976 -0.154607         0  0.987976 -0.154607         0
 0.993603 -0.112925        -0  0.993603 -0.112925        -0
 0.906056  0.335345 -0.258082 0.0988835  0.784433 -0.612279
 0.528495 -0.701739   0.47776  0.275021  0.756686 -0.593118
 0.985879 -0.112009  0.124484  0.226392    0.7328 -0.641678
 0.971369  0.205124 -0.119863 0.0776918   0.69466 -0.715131
  0.99983 0.0100026 0.0155044  0.196816  0.701984 -0.684457
 0.861562  0.361724 -0.356184  0.110904 -0.708942  0.696492
 0.953619  0.194976 -0.229338 0.0774179  0.727652 -0.681564
 0.773076  0.431753 -0.464696  0.203139  0.747874 -0.631996
 0.893643 -0.342996  0.289407  0.315413  0.714936 -0.624004
   0.3052  0.717311 -0.626353  0.918066 -0.304043  0.254388
    0.99707   0.0761451 -0.00734381 0.0880131 -0.545561  0.833437
 0.837669  0.395983 -0.376175  0.091325 -0.586271  0.804951
  0.987476   0.156868 -0.0168358 0.0727973 -0.505264  0.859889
 0.96962 0.185379  -0.1596 0.0787879 -0.545556  0.834362
  0.80954 -0.193844  0.554139 0.0712313 -0.434209  0.897991
 0.164372 -0.417561  0.893658  0.352458  0.382924 -0.853899
0.947515 -0.17441 0.267948  0.244622 -0.377828  0.892976
 0.405664 -0.345776  0.846094  0.961677 0.0826682 -0.261424
 0.644401  0.258582 -0.719641  0.582881 -0.412709  0.699943
 0.880701 0.0607745 -0.469758   0.51202 -0.508181  0.692523
  0.999119 -0.0361975  -0.021229  0.214188 -0.502399  0.837686
 0.325574  0.404285 -0.854725  0.689481 -0.405349  0.600256
  0.987622 -0.0858634   0.131265  0.136791 -0.499213  0.855613
 0.905994 -0.138606  0.399953  0.073297 -0.453885   0.88804
 0.653532  0.277936 -0.704022  0.532407 -0.381655  0.755568
 0.977776  0.110173 -0.178372  0.267419 -0.441054  0.856714
 0.419688  0.520135 -0.743856 0.779951 -0.50344 0.371785
  0.68381  0.291003 -0.669119  0.685689 -0.542817  0.484954
 0.421363  0.505307 -0.753072  0.817583 -0.523025  0.240837
 0.543018  0.440428 -0.714951  0.751779 -0.528498  0.394358
0.0377326 -0.700151  0.712997  0.942097 -0.309704 -0.128595
 0.905748 0.0391596 -0.422004 0.306906 -0.81101 0.498067
 0.846511  0.213401 -0.487729  0.338746 -0.798263  0.498024
 0.210148  0.725222 -0.655661   0.95546 -0.201617 -0.215514
 0.859659  0.233914 -0.454171  0.140954 -0.801439  0.581229
   0.8402  0.305014 -0.448364 0.0147481 -0.784601  0.619826
 0.334194 -0.682728  0.649767  0.874543  0.248723 -0.416307
 0.125617  0.768385 -0.627539  0.905566  0.215332 -0.365489
  0.14463 -0.689325  0.709868   0.960421 0.00621361  -0.278482
0.0536233  0.661148 -0.748337   0.957159  -0.272284 -0.0985269
0.0495763 -0.792385  0.608003  0.935857 0.0491088 -0.348941
0.0473145  0.674896 -0.736395  0.973363 -0.179358 -0.142812
 0.240852 -0.684508   0.68807  0.861212   0.29126 -0.416511
   0.1916  0.758843 -0.622452  0.842513  0.368209 -0.393184
 0.986821 -0.154043 0.0495582  0.185478  0.688079 -0.701531
  0.998833 -0.0467953  0.0119248  0.229642    0.6848 -0.691603
 0.879474  0.306107 -0.364449  0.107757 -0.676924  0.728122
 0.976177  0.154249 -0.152596 0.00716054  0.635209 -0.772307
0.965583 0.158828 -0.20597   0.13005 -0.589226  0.797433
 0.916723  0.294924 -0.269516 0.0834367 -0.627856  0.773845
 0.751594  0.337185 -0.566933  0.409392 -0.543424  0.732863
  0.965977 -0.0303761  -0.256837  0.358986 -0.580325  0.730994
  0.45315 -0.614368  0.645916   0.74847  0.332391 -0.573855
0.578758 0.409551  -0.7052  0.593133 -0.533091   0.60333
 0.626438 -0.548177  0.554146  0.499385    0.5442 -0.674137
  0.996346 -0.0758671  0.0392349 0.128996 0.670532 -0.73058
 0.907235  0.241121 -0.344652  0.211889 -0.584935  0.782914
 0.955155  0.140318 -0.260747  0.101271 -0.661937  0.742686
 0.309979 -0.681923  0.662491  0.576859   0.71084 -0.402419
 0.875368  0.455333 -0.162489 0.0797609 -0.791124  0.606433
 0.949078   0.31151 0.0470386  0.158589 -0.754516  0.636832
 0.437255  0.770666 -0.463555 0.312625 -0.69984 0.642254
 0.874786  0.473232 -0.103922  0.182762 -0.742517  0.644412
 0.912545  0.406229 0.0473144 0.521512 -0.55541 0.647722
 0.688348  0.661591 -0.297447  0.370362 -0.633819  0.679047
0.0106604 -0.775949  0.630706 0.949492 0.294953 0.107086
0.953844 0.143011 0.264062  0.262566   0.76358 -0.589919
 0.916272 0.0243644  0.399816  0.289459  0.720606 -0.630033
  0.898806 -0.0779702   0.431357  0.333725  0.750374 -0.570584
0.957368 0.264574  0.11596  0.117102  0.748754 -0.652422
 0.840401  0.523667 -0.139638 0.0601278 -0.754731  0.653273
 0.861729  0.495896 -0.107286  0.30407  -0.6977 0.648657
 0.687521  0.659687 -0.303525  0.396251 -0.620377  0.676844
  0.72179  0.631321 -0.283641   0.36102 -0.649246  0.669435
0.955916 0.124306 0.266033  0.204766  0.616063 -0.760616
 0.946045  0.322272 0.0337599  0.206453  0.636333 -0.743275
0.950055 0.160067 0.267905  0.248948  0.563081 -0.788013
0.971767 0.161943 0.171593 0.226439 0.620201 -0.75105
 0.643986 -0.185192  0.742284   0.28043  0.491027 -0.824774
0.0723758 -0.434542  0.897739  0.638526  0.413312 -0.649198
  0.949213 -0.0409292   0.311961  0.130298   0.44981 -0.883568
0.00293991 -0.432081   0.90183  0.909362  0.276526 -0.310796
 0.987779 0.0324855  0.152438 0.109651 0.521445 -0.84621
  0.980005 -0.0169286   0.198253  0.123773  0.602927 -0.788136
 0.980519 0.0899295  0.174629 0.156439 0.604879  -0.7808
  0.967237 -0.0260983   0.252531  0.131273  0.597082 -0.791366
0.976798 0.129728   0.1704 0.171567 0.600801 -0.78077
  0.920864 0.00666439   0.389827   0.23855  0.537989 -0.808493
 0.873573 -0.136606  0.467129 0.169274 0.515489 -0.84001
  0.871401 -0.0604479   0.486832  0.217628  0.536345 -0.815458
 0.971733 -0.100285  0.213722  0.209798    0.7378 -0.641588
 0.840925  0.408732 -0.354659 0.0790842 -0.687384  0.721975
  0.994272  0.0933562 -0.0520307   0.15159  0.743112 -0.651771
 0.966534 -0.139573  0.215246 0.216584 0.732548 -0.64534
  0.989416   0.114128 -0.0896095 0.099175 0.78399 -0.6128
0.000557908 -0.813981  0.580892 0.0805531  0.811457 -0.578834
 0.559546 -0.656404  0.506006  0.209036  0.807691 -0.551307
 0.433171 -0.732941  0.524557  0.475059  0.716994 -0.510135
 0.197102 -0.793228  0.576142  0.953495  0.281672 -0.107277
  0.959948   0.279635 -0.0174455 0.0752134 -0.799525  0.595905
 0.932885 -0.186625  0.308053 0.181128 0.782579 -0.59562
 0.890245  0.428018 -0.155772 0.0643833  0.811607 -0.580646
 0.851464 -0.349041  0.391381   0.23196  0.772384 -0.591284
 0.637508 -0.593177  0.491654 0.348579 0.740149 -0.57504
 0.951419 -0.209326  0.225799  0.283289  0.794962 -0.536453
 0.833542 -0.399326  0.381768  0.274169  0.766094 -0.581319
  0.958991   0.283252 -0.0102027 0.0849865 0.779373 -0.62077
 0.833144  0.520889 -0.185863  0.151861 -0.776145  0.611995
 0.858292 -0.251107  0.447527  0.262094  0.775993 -0.573708
 0.978747  0.188298 0.0812257 0.0927922  0.780475 -0.618262
 0.953068 0.0193041  0.302141  0.236879  0.742016 -0.627137
 0.895348 -0.108732   0.43189  0.285938  0.690318 -0.664606
 0.968048  0.239935 0.0729005  0.168888  0.676735 -0.716594
0.963479 0.210142 0.165978  0.196757  0.687419 -0.699101
 0.976106  0.216324 0.0205384 0.115635 0.672595 -0.73092
  0.91605  0.347956 -0.199445 0.0433496 0.676006 -0.73562
  0.967254 -0.0607372   0.246435  0.209812  0.734768 -0.645054
  0.975488   0.216574 -0.0389813 0.0827236  0.678463 -0.729962
0.922479 -0.14762 0.356709  0.247317  0.738054 -0.627782
0.976453 0.148338 0.156636 0.193247  0.74341 -0.64031
 0.974208  0.216458 0.0637615   0.14294  0.678321 -0.720728
0.980665 0.121303 0.153566  0.181995  0.739266 -0.648354
0.869662 0.443292 0.217209   0.15636  0.740874 -0.653191
0.884927  0.39071 0.253478  0.185878  0.799428 -0.571282
0.848048 0.244815 0.469979  0.149016  0.779602 -0.608289
  0.735894   0.674194 -0.0626301  0.052958  0.752783 -0.656135
0.828398 0.530828 0.178828  0.142487   0.77302 -0.618173
0.818483 0.458811   0.3458  0.277282 -0.514763  0.811254
 0.485856  0.782527 -0.389353  0.637622 -0.103659  0.763343
 0.594166  0.772872 -0.222791  0.163896 -0.601609  0.781796
 0.024876 -0.643202  0.765293  0.775274  0.631515 0.0117964
  0.55662 -0.212251  0.803196 0.551586 0.714252 -0.43081
 0.307381 -0.478618   0.82246  0.682394  0.696923 -0.220538
0.691365  -0.1194 0.712572   0.43132  0.751976 -0.498493
 0.479037  0.766059 -0.428575  0.607722 -0.233014  0.759196
0.848688 0.326165 0.416347  0.091832  0.757676 -0.646138
0.236002 0.748722 -0.61945 0.848367 0.382431 0.366086
0.856231 0.406536 0.318743  0.191832  0.743092 -0.641104
 0.580142 -0.182491  0.793809  0.503743   0.61747 -0.604131
0.831059 0.106444 0.545904  0.496164  0.642534 -0.583928
 0.775691 0.0128533  0.630982  0.528179  0.566974 -0.632113
 0.700896 -0.135625   0.70025    0.5186   0.62211 -0.586543
  0.53202 -0.179378  0.827514  0.546969  0.494876 -0.675221
 0.645526  0.452937 -0.614934 0.00753779  -0.4143 0.910109
0.977796 0.142547 0.153607 0.420309 0.492874 -0.76185
 0.399738  0.476077 -0.783301  0.968474  0.246009 0.0392029
  0.930957 -0.0108479   0.364967   0.36686  0.566666 -0.737769
0.733297 -0.25154 0.631667  0.383892  0.639059 -0.666506
0.962482 0.212465 0.168778  0.355499   0.62579 -0.694268
 0.806305 -0.128629  0.577345  0.377094  0.625893 -0.682684
0.941301 0.292455  0.16859  0.391651  0.602386 -0.695514
 0.710508 -0.112658  0.694612   0.52914   0.54728 -0.648456
 0.938771 0.0899957  0.332581  0.393717  0.540499 -0.743537
  0.54312 -0.237196  0.805456  0.505933  0.548428 -0.665776
0.939265 0.302496 0.162104  0.121973  0.734846 -0.667176
0.961294 0.214518 0.172902  0.174014  0.717117 -0.674879
  0.897402   0.439739 -0.0360545 0.0407041 -0.729738  0.682515
0.941812 0.301183 0.149258 0.168294  0.74152 -0.64948
  0.61433 -0.460205  0.640944  0.553892  0.730092 -0.400212
 0.656544 -0.434755  0.616391   0.830895    0.54911 -0.0899563
 0.490338 -0.523315  0.696929   0.52181  0.770838 -0.365407
 0.154971 -0.735601   0.65945  0.637673  0.710295 -0.298086
0.910719 0.106731 0.398998   0.25056  0.810778 -0.529017
 0.836883 0.0149926  0.547176  0.191832  0.800001 -0.568506
  0.86166 -0.022498  0.506986  0.324242  0.770954 -0.548177
0.914394 0.245159 0.322149  0.229438  0.803731 -0.548976
 0.647105  0.694679 -0.314126  0.246526 -0.641532  0.726403
 0.301006  0.775159 -0.555449  0.924787 0.0222578  0.379834
 0.611234 -0.439673  0.658088  0.410482  0.798066 -0.441128
 0.670282 -0.365442   0.64589  0.491037  0.751103 -0.441279
 0.568808  0.732706 -0.373629  0.340098 -0.558444   0.75662
  0.834869 0.00755976   0.550397  0.193771   0.80058 -0.567032
0.306949 0.763842 -0.56774 0.869092 0.132495 0.476576
 0.866791 0.0886824  0.490723  0.300907  0.767126 -0.566545
 0.85578 0.141197 0.497699 0.399845 0.741788  -0.5384
 0.494376 -0.343566   0.79847  0.550637  0.682264 -0.480952
0.908587 0.374302 0.185386 0.364674 0.672907 -0.64359
 0.782533 0.0370703  0.621505  0.458112  0.684343 -0.567281
0.797711 -0.13487 0.587765  0.375194  0.682426 -0.627315
0.941072 0.193553 0.277345  0.277919   0.69143 -0.666848
 0.756225 -0.209425  0.619891  0.375994  0.738858 -0.559212
  0.869185 -0.0662686   0.490027   0.33365   0.69151 -0.640696
 0.166148 -0.628472   0.75988   0.68109  0.669994 -0.295339
 0.309065   0.74184 -0.595107 0.896382 0.251816 0.364812
0.927687 0.236022 0.289292  0.346709  0.686631 -0.639008
 0.771357 -0.127817  0.623436  0.393181  0.739108 -0.546926
  0.660344   0.750623 -0.0225922  0.217168  0.714723 -0.664837
 0.262804 -0.381602  0.886179  0.598186  0.793111 -0.114666
0.620954 0.262799  0.73848  0.417104  0.807381 -0.417324
0.065617 0.653139 -0.75439   0.58332  0.798975 -0.146209
0.264016 -0.23626 0.935135  0.367525  0.784922 -0.498821
0.703782 0.522742 0.481074   0.614992    0.78742 -0.0418863
0.560064 0.192591 0.805753  0.559117  0.793328 -0.240871
 0.469402 0.0147332  0.882862  0.463468  0.821336 -0.332574
  0.10254 -0.342772  0.933806 0.604939 0.758275 -0.24304
 0.157587 -0.285725  0.945266  0.659129  0.695337 -0.286452
 0.381075 -0.115775  0.917266  0.593485  0.745661 -0.302927
 0.327087 -0.205729  0.922328  0.591385  0.748758 -0.299373
0.692237 0.375646 0.616196  0.502674  0.790295 -0.350361
0.687186 0.535847 0.490554  0.382139  0.791742 -0.476564
0.641576 0.352947 0.681035  0.504792  0.790181 -0.347561
  0.463124 0.00642601    0.88627 0.551039 0.794534 -0.25509
 0.273321 -0.281408   0.91984  0.697547  0.599298 -0.392773
 0.234614 -0.229848  0.944524  0.705545  0.616659 -0.349195
 0.393256 -0.147605  0.907503  0.735235  0.530011 -0.422513
 0.318407 -0.251324  0.914031 0.708971 0.597336  -0.3749
0.887501 0.177629 0.425195  0.720321  0.445655 -0.531534
 0.863477  0.413797 -0.288409    0.3185  0.418041 -0.850764
0.947933 0.157085 0.277034  0.650988  0.486472 -0.582718
 0.838501  0.419218 -0.348098 0.0531992  0.348572 -0.935771
 0.609799 -0.217778  0.762049  0.633527  0.557824 -0.536168
 0.371318 -0.379418  0.847446  0.621589  0.631431 -0.463597
  0.717003 -0.0943568   0.690654  0.631071  0.613201 -0.475115
 0.525969 -0.221352  0.821194  0.618867  0.617877 -0.485007
   0.5334 -0.183422  0.825736  0.670151  0.592198 -0.447437
  0.41158 -0.201867  0.888736  0.744492  0.508609 -0.432491
  0.770266 -0.0106773   0.637633  0.649462  0.532574 -0.542737
  0.699367 -0.0696641    0.71136  0.689227  0.526865 -0.497372
 0.579027 -0.198231  0.790843  0.540047  0.753441 -0.375069
 0.595856 -0.213056  0.774314  0.522891  0.717651 -0.459958
 0.301994 -0.464726  0.832364  0.641283  0.732064 -0.229868
 0.435187 -0.323615   0.84017  0.606496  0.740409 -0.289754
  0.19174  0.735317 -0.650035 0.817027 0.385161 0.429089
 0.279373 -0.504275  0.817103 0.812938 0.470326 0.343403
 0.226356 -0.478995  0.848131   0.688248   0.724596 -0.0357037
 0.625851  0.760587 -0.172676  0.463261 -0.285465  0.838987
0.309848 -0.39027 0.866997    0.66472   0.744748 -0.0591426
 0.198048 -0.445673  0.873014  0.614014  0.780661 -0.116429
 0.365184  0.787048 -0.497189 0.785274 0.35244 0.50905
 0.330701  0.794019 -0.510069 0.754748 0.630658 0.180627
0.0555803 -0.640886  0.765621  0.647173  0.748672 -0.143728
0.0426683  0.682856 -0.729306 0.776401 0.620419 0.110824
 0.114165   0.71586 -0.688847 0.791005 0.524894  0.31432
0.0619765  0.676832 -0.733524 0.798098 0.542012 0.263176
0.371969 -0.36372 0.854018  0.535262  0.790511 -0.297636
0.106161 0.710503 -0.69564   0.69334  0.717797 0.0636124
  0.566382 -0.0548161   0.822318  0.511607  0.794183 -0.327922
  0.40161  0.790446 -0.462499 0.771324 0.432616 0.466801
0.687514  0.19938 0.698264  0.564277  0.739955 -0.366139
 0.286787 -0.273242    0.9182  0.656691  0.680783 -0.324487
 0.672806 0.0516855  0.738011  0.621786  0.672695 -0.401078
 0.353136 -0.182349   0.91763  0.650934  0.678356 -0.340761
 0.334729 -0.388332  0.858577   0.62392  0.677122 -0.390167
  0.676748 -0.0406446   0.735092  0.540539  0.692779 -0.477362
 0.554385 -0.189592  0.810378  0.551304  0.745206 -0.375143
 0.441395 -0.325717  0.836109  0.608209  0.683413 -0.403769
 0.510873 -0.210051  0.833599  0.561948  0.744632 -0.360191
0.686015 0.138595 0.714265  0.554235   0.74725 -0.366662
 0.678663 -0.011334  0.734363  0.606782  0.683676 -0.405466
  0.45193 -0.261232  0.852946  0.570058  0.742003 -0.352796
0.719161 0.385956 0.577793  0.506739  0.645565 -0.571369
 0.239382   0.60564 -0.758879   0.693993   0.716203 -0.0736614
 0.125405 -0.228043  0.965541  0.644186  0.708238 -0.288831
0.739933 0.607525 0.288814  0.360682  0.583984 -0.727235
0.512528 0.291149 0.807804    0.6503  0.672853 -0.352673
 0.61431 0.589589 0.524412 0.577104 0.602465 -0.55135
0.769542 0.584897 0.256319 0.00296638 0.0949421 -0.995478
 0.710545  0.668224 -0.220461    0.140362 -0.00773645     0.99007
  0.790304   0.607242 -0.0817096  0.177047 0.0345999  0.983594
 0.652436  0.533365 -0.538376 0.730417 0.451303 0.512657
0.517406 0.202291 0.831486  0.730147  0.592524 -0.340296
 0.755419  0.575257 -0.313722 0.519721  0.26227 0.813083
0.720329  0.49194 0.488999   0.47411  0.526484 -0.705715
0.740802 0.606921 0.287855  0.275571  0.447643 -0.850692
 0.794655  0.603929 0.0615863  0.0771866 -0.0466798   0.995923
0.718378 0.430114 0.546749  0.513916  0.560385 -0.649506
0.0790212 -0.162558   0.98353   0.873606   0.479269 -0.0843434
0.0451713 -0.130942   0.99036 0.874297 0.470798 0.118129
0.798477 0.283266  0.53122 0.800161 0.435595 -0.41231
0.0416807  0.207038 -0.977445 0.887522 0.440544    0.135
0.785257  0.22796 0.575678  0.887511  0.387383 -0.249516
  0.924755   0.379499 -0.0284451  0.708261  0.388502 -0.589435
 0.377485   0.37559 -0.846426  0.930431  0.364997 0.0328069
 0.934659   0.35527 0.0139753  0.133767 -0.112873  0.984564
 0.716444 0.0743543  0.693671   0.75822  0.527161 -0.383672
 0.325548 -0.281293  0.902714  0.704848  0.621625 -0.341717
  0.463119 -0.0391003   0.885433 0.778279 0.547574 -0.30732
0.762136 0.186344 0.620019  0.723269   0.55317 -0.413382
0.698885 0.226532 0.678412   0.80045  0.493497 -0.340207
  0.297195 -0.0308096    0.95432   0.912103   0.409911 0.00646816
0.842462 0.246728  0.47894 0.813218 0.449334 -0.36983
 0.212598  0.297742 -0.930673   0.907521   0.419571 -0.0190963
 0.355207 -0.194298  0.914372  0.576134  0.737788 -0.351763
0.0646247 -0.459878  0.885627 0.646458 0.705117 -0.29138
 0.212547 -0.326876  0.920856  0.561298   0.76856 -0.307017
 0.112509 -0.322802  0.939756  0.620944  0.729164 -0.287659
   0.43758 -0.0531894   0.897605  0.511548  0.797526 -0.319799
0.391365 0.795125 -0.46326   0.606512   0.792388 -0.0652999
 0.328665   0.76062 -0.559854 0.584823 0.795605  -0.1581
  0.440261 -0.0075062   0.897839  0.459448  0.790724 -0.404553
 0.252705  0.703581 -0.664164   0.58289  0.785148 -0.209242
 0.236045  0.661944 -0.711416  0.634595  0.756028 -0.160348
0.697821 0.399297 0.594649  0.488418  0.742863 -0.457824
0.602307 0.299851 0.739808   0.44722  0.731702 -0.514399
0.601035 0.259071 0.756069  0.509476  0.739514 -0.439948
  0.44019 0.0124601  0.897818  0.519903  0.769452 -0.371004
0.566872  0.21573 0.795057  0.447938  0.765914 -0.461223
 0.498014 0.0257032  0.866788   0.50693    0.7772 -0.372805
0.545144 0.21411 0.81054  0.535078   0.69811 -0.475745
0.699825 0.506951 0.503236  0.428821   0.67699 -0.598162
0.537796 0.245852 0.806432  0.584282  0.657849 -0.475236
0.697463 0.366944 0.615547  0.502185  0.703394 -0.503038
0.604237 0.305573 0.735883  0.711256  0.590539 -0.381287
 0.257563  0.333978 -0.906708 0.848006 0.488248 0.206155
0.467744 0.106477 0.877427  0.810806  0.541493 -0.222215
 0.108611  0.250461 -0.962015   0.847834   0.530082 -0.0137985
0.675545  0.23462 0.698993  0.707766  0.590293 -0.388099
 0.267945 -0.214078  0.939349  0.687578   0.65621 -0.310846
 0.497768 0.0693027  0.864537  0.624515   0.69014 -0.365633
   0.559547 -0.00686527     0.82877  0.650847  0.662231 -0.371279
 0.63235 0.179383 0.753628  0.577832  0.689646 -0.436461
0.640593 0.238295  0.72997  0.633414  0.633959 -0.443715
  0.418638 -0.0536652   0.906566 0.756032 0.585702 -0.29218
  0.44794 0.0856097  0.889955 0.687099 0.642044 -0.34011
