  0.36424 -0.228541 -0.902828 0.500633 0.732978 0.460554
0.249907  0.65772 0.710599  0.52941 0.764748 0.367267
0.309417 0.706322 0.636687 0.544674  0.77696 0.315695
0.197917 0.598545 0.776256 0.484389 0.753097 0.445211
0.382842 0.747912 0.542273  0.56741 0.783193 0.254273
-nan -nan -nan -nan -nan -nan
 0.686478  0.692513 -0.221752 0.310444 0.691407 0.652365
 0.68898 0.705695 -0.16523 0.538542 0.779845 0.319084
0.0816249 -0.314145  -0.94586 0.590111 0.740878 0.320731
0.123551 0.502901 0.855468 0.658619 0.673757 0.335071
  0.378377 -0.0821597  -0.921998 0.521837 0.713085 0.468184
0.133436  0.44838 0.883827 0.640357  0.72925 0.241116
    0.3814 -0.0061045   -0.92439 0.497497 0.716547 0.488934
0.0384585 -0.428797 -0.902582 0.486823 0.765222 0.421235
 0.469397  0.208274 -0.858072 0.570479 0.758846 0.314176
 0.358821 -0.187716 -0.914336  0.52916 0.762131 0.373023
  0.469243 -0.0948858  -0.877956 0.676164 0.547674 0.492803
0.0650327  -0.42849 -0.901203 0.665219 0.598625 0.446243
  0.55176 -0.094416 -0.828642 0.674941 0.520466 0.523039
 0.804447  0.221212 -0.551299 0.627858 0.545264 0.555411
 0.922946  0.346453 -0.167755 0.679438 0.441819 0.585798
0.860164 0.454068 0.232252 0.513911 0.320405 0.795762
0.90121 0.42069 0.10412  0.62751 0.323394 0.708271
0.877911 0.406957 0.252306 0.421551 0.246908 0.872543
 0.819579  0.400214 -0.410024 0.753385 0.382869 0.534624
 0.823024  0.459028 -0.334551 0.706581 0.414705 0.573379
 0.687912  0.259264 -0.677908 0.688068 0.482221 0.542241
 0.830309  0.459685 -0.315083 0.688167  0.40481 0.602125
 0.884889  0.407733 -0.225224 0.638963 0.472071 0.607352
   0.916464    0.400058 -0.00688931 0.615788 0.438765 0.654439
0.898249 0.423343 0.118028 0.605348 0.317234 0.730011
 0.908004  0.354367 -0.223499 0.657804 0.443594 0.608701
0.770717 0.632668 0.075675 0.418838 0.516359  0.74696
 0.733104  0.471324 -0.490317 0.649082 0.452731 0.611332
  0.803658   0.593705 -0.0405974 0.424364  0.40074 0.811987
 0.667758  0.536305 -0.516213 0.614152 0.520692  0.59304
0.769192 0.604436 0.207364 0.201293 0.236759 0.950487
 0.541619  0.521789 -0.659079 0.636507 0.694388 0.335684
0.280582 0.107243 -0.95382 0.645096 0.745465 0.167728
 0.545447   0.64577 -0.534293 0.311899 0.332575 0.890007
 0.102466 -0.204492 -0.973491 0.537684 0.741688 0.400993
0.120695 0.515272 0.848485 0.522982 0.753456 0.398489
  0.516168 -0.0565559  -0.854618 0.484052 0.637935 0.598943
 0.322075 0.0483472 -0.945479 0.408434 0.66866 0.62135
 0.790455  0.609733 0.0583641 0.359374 0.47692 0.80212
0.775284 0.599395 0.199146 0.202679 0.250083 0.946773
 0.442635  0.419101 -0.792735  0.37865 0.547714 0.746078
 0.481986 0.0846656 -0.872079 0.512063 0.561069 0.650379
 0.795093  0.592941 -0.127466 0.408753 0.590075 0.696227
 0.572595  0.253385 -0.779699 0.417791 0.715113 0.560415
 0.485766 0.0956264 -0.868842 0.487498 0.675857 0.552778
  0.33271 -0.318346 -0.887671 0.501051 0.700414 0.508298
 0.105211 -0.247889 -0.963059 0.593642 0.696345 0.403351
0.163359  0.47731 0.863417 0.671139 0.654796 0.347584
  0.277483 -0.0974351  -0.955777  0.65325 0.612548 0.445029
 0.293441 -0.212682 -0.932019 0.615737 0.653661 0.439995
  0.62385  0.335341 -0.705945 0.655053 0.550382 0.517674
 0.795622  0.516868 -0.315964 0.651838 0.454377 0.607164
 0.500237  0.240987 -0.831678 0.599838 0.605907 0.522563
 0.75435 0.343356 -0.55952 0.622231 0.539362 0.567378
 0.795093  0.573301 -0.197873 0.472646 0.617733   0.6285
 0.773814  0.554475 -0.306219 0.487892 0.670705 0.558674
  0.65375  0.209029 -0.727268 0.613869 0.605295 0.506737
  0.41865  0.124474 -0.899577    0.596 0.654748 0.464854
 0.369749 -0.334016 -0.867017 0.413567 0.760394 0.500763
 0.421312 -0.209572 -0.882369 0.364552 0.806745 0.465043
 0.447398 -0.248222 -0.859198 0.357787 0.802476 0.477515
 0.422694 -0.294695 -0.857021 0.358117 0.805956 0.471368
0.00754863 -0.610267 -0.792159 0.387909 0.781889 0.488033
 0.265274 -0.486919  -0.83219 0.488606 0.772607 0.405391
 0.567842 -0.261551 -0.780479 0.371056 0.759409  0.53443
0.0569166 0.708127 0.703788  0.56585 0.769521  0.29606
0.563847 -0.27599  -0.7784 0.403064 0.719797 0.565183
 0.557403 -0.282553 -0.780683 0.454343 0.666388 0.591185
 0.388886 -0.392176 -0.833646 0.440795 0.706997 0.553042
 0.630599 -0.159231 -0.759599 0.410461 0.706132 0.576975
 0.308573 -0.455445 -0.835077 0.383861 0.756166 0.529965
0.0654401 0.714797 0.696264 0.400913 0.805543 0.436314
 0.565435 -0.237755 -0.789782 0.381424 0.752223 0.537286
 0.344407 -0.413386 -0.842909  0.38611 0.752607 0.533387
 0.934761  0.130195 -0.330561 0.483972 0.582984 0.652611
 0.688692 -0.179185 -0.702564 0.488722   0.6043 0.629263
  0.89914 0.0393469 -0.435888 0.503003 0.534471 0.679212
  0.762595 -0.0386847  -0.645719 0.506099 0.583197  0.63541
   0.9635   0.26708 0.0183143 0.541731 0.443452 0.714057
0.576514 0.401657  0.71155 0.874474 0.410814 0.257928
0.385158 0.328955 0.862231 0.708429 0.440764  0.55123
0.694049 0.407699 0.593361   0.2763 0.318688 0.906695
0.313608 0.282723 0.906487 0.686939 0.510642 0.517069
0.115061 0.178936 0.977109 0.653664 0.580822 0.485149
0.832664 0.541512 0.115916 0.491824 0.550947 0.674215
 0.76124 0.599268 0.247772 0.506129 0.479537 0.716852
0.933361 0.340207 -0.11444 0.503155   0.5525 0.664513
 0.945304  0.295348 -0.138455 0.513782 0.494052 0.701385
 0.77126 0.476802 0.421683 0.520292 0.408499  0.74995
0.886331 0.405555 0.223476 0.521738 0.494406 0.695235
 0.739981  0.638688 -0.210961 0.413218 0.690413 0.593785
 0.320989  0.134065 -0.937546 0.604497 0.65093 0.45921
 0.631985  0.457633 -0.625433 0.490702 0.700467 0.518225
 0.705881  0.686842 -0.173147 0.429751 0.666608 0.609055
0.699807 0.649196 -0.29802 0.31335 0.70395 0.63739
-nan -nan -nan -nan -nan -nan
 0.668037  0.404528 -0.624567 0.324407 0.781158 0.533435
 0.676348  0.499745 -0.541117 0.296014 0.759978 0.578627
0.636768 0.308843  -0.7065 0.347467 0.799184 0.490481
  0.71646  0.366837 -0.593393  0.35827  0.81007 0.464143
 0.724079  0.438978 -0.531984   0.3932 0.768589 0.504643
0.718476 0.566693  -0.4033 0.342631 0.796948 0.497472
 0.712121  0.521392 -0.470143 0.400033 0.759424 0.513078
 0.683517  0.616955 -0.390092 0.342091 0.720101 0.603679
 0.658458  0.446128 -0.606137 0.324953 0.781011 0.533317
 0.702512  0.623799 -0.342565 0.321886  0.72587 0.607867
 0.347291 -0.311065 -0.884663 0.434806 0.772581 0.462669
 0.386579 -0.279235 -0.878968 0.367382 0.812062 0.453416
 0.329273 -0.383727 -0.862747  0.41763 0.763321 0.492876
 0.398437 -0.234597 -0.886686 0.428271 0.768353 0.475623
 0.298029 -0.450417 -0.841608 0.451783 0.705996 0.545401
 0.631373  -0.16213 -0.758342 0.46219 0.65094 0.60221
 0.213755 -0.481002 -0.850262 0.514197 0.645299  0.56497
  0.45075 -0.352669  -0.82003 0.490687 0.648425 0.582041
 0.845462  0.502271 -0.181433 0.479654 0.625904  0.61496
 0.731366  0.675912 0.0908154 0.479074 0.570308 0.667261
 0.773326  0.458398 -0.437993  0.45089 0.700584 0.553064
 0.784527  0.619913 0.0149766 0.453619 0.619594 0.640573
 0.785342  0.354565 -0.507466 0.436838 0.712886 0.548603
 0.368803 -0.329186 -0.869265 0.467992 0.710797  0.52512
 0.881837  0.366617 -0.296572  0.45846 0.651059 0.604927
 0.321163 -0.369441 -0.871991 0.479736 0.711876 0.512919
 0.323484 -0.688346  -0.64926 0.497022  0.70881 0.500557
  0.966462 -0.0352506  -0.254379 0.321491  0.80605 0.496918
  0.58478 -0.539282 -0.605976 0.168762 0.809472 0.562383
 0.643302 -0.542209 -0.540529 0.289387 0.811331 0.507935
-nan -nan -nan -nan -nan -nan
 0.578566  -0.59447 -0.558451 0.239219 0.796266 0.555639
0.866089 0.434159 0.247782 0.0684182 0.784666 0.616132
 0.912846 -0.244673 -0.326875  0.37612 0.777827 0.503506
0.429443 0.716038 0.550335 0.00295834 0.753291 0.657681
0.300864 0.714755 0.631352  0.669174 -0.384432 -0.635939
 0.989113 0.0894507  0.116852 0.279149 0.700904 0.656361
0.681223 0.618358 0.391878 0.157476 0.715562 0.680568
 0.274383 -0.742105  -0.61155 0.422547 0.713662 0.558695
 0.384276 -0.731458 -0.563294  0.41538 0.762895 0.495429
0.795452 0.526057 0.300867 0.108897 0.763852 0.636138
 0.854056 -0.367237  -0.36841 0.295855 0.745496 0.597249
0.782656 0.316377 0.536055 0.301138 0.577029 0.759179
0.0323429 0.571772 0.819775  0.45156  0.62218 0.639519
  0.84372 0.0321171 -0.535822 0.322413 0.547131 0.772462
0.865765 0.485485 0.121473  0.28647 0.593274 0.752304
0.102191 0.404509 0.908807 0.513239 0.466477 0.720406
0.664365 0.392821 0.635854  0.32069 0.408614 0.854513
0.567618 0.439234 0.696336 0.19463 0.45848 0.86713
   0.98043   0.189847 -0.0520976 0.439838 0.464564 0.768585
  0.14948 -0.336244 -0.929837 0.519835 0.536384 0.664879
 0.771115  0.140033 -0.621106 0.457731 0.60267 0.65366
0.0399671 0.547462 0.835876 0.506505 0.578233 0.639609
  0.758553 0.00210689  -0.651608 0.469284 0.574512 0.670603
0.193916 0.583802 0.788398 0.545887 0.480284 0.686538
  0.916993   0.397761 -0.0301648 0.315947 0.521356 0.792695
0.184143 0.459751 0.868746 0.561667 0.441566 0.699678
0.629052 0.413099 0.658516 0.305516 0.532322 0.789489
  0.887618   0.458494 -0.0437869  0.37792 0.706211 0.598701
  0.88953  0.402763 -0.215682 0.400634 0.664055 0.631287
 0.874854  0.253408 -0.412814 0.392542 0.719371 0.573075
 0.884606  0.182006 -0.429355 0.400693 0.706188 0.583732
 0.568337 -0.294985   -0.7681 0.410392     0.76 0.503963
 0.843656  0.170891 -0.508961 0.263818 0.772818 0.577194
  0.87465  0.482152 0.0501622 0.366835  0.77094 0.520657
 0.42937 0.772219 0.468315  0.036258 -0.684125 -0.728463
 0.948317  0.139751 -0.284895 0.401404 0.776462 0.485779
0.821155 0.520003 0.235162 0.459294 0.757733 0.463562
  0.933959   0.352558 -0.0585115 0.351101 0.754878 0.553974
 0.131101 -0.734793 -0.665501 0.454507 0.762012  0.46126
  0.885029   0.463893 -0.0390685 0.378372 0.750962 0.541194
 0.848325 0.0832777 -0.522886  0.37612  0.74978 0.544394
0.651546 0.702388   0.2866 0.300734 0.784359 0.542531
  0.883717     0.4673 -0.0259865 0.374048 0.749976 0.545549
 0.959501  0.232956 -0.158397 0.359075 0.751996 0.552781
  0.88791  0.453574 0.0767256 0.238385 0.811247 0.533901
 0.517153 -0.602905 -0.607501  0.43686 0.727855 0.528564
 0.308499 -0.671496 -0.673737 0.528726 0.712307 0.461593
 0.279052 -0.698755  -0.65869 0.456685 0.645206 0.612494
0.752231 0.602139 0.267539 0.239799 0.661418  0.71065
 0.102049 -0.687509 -0.718969 0.491991 0.567436 0.660274
0.928856 0.203541 0.309512  0.28159 0.638388 0.716357
 0.103893 -0.556322 -0.824447 0.476999 0.615111 0.627781
0.902009 0.406489 -0.14542 0.404737 0.653287 0.639847
 0.836774  0.539225 0.0951132 0.367644 0.705024 0.606448
 0.471631 -0.307754 -0.826348  0.44275 0.655473 0.611823
  0.26421 -0.605832 -0.750441 0.436521 0.703315 0.561068
 0.370414 -0.629868 -0.682686 0.451997 0.668705 0.590366
 0.158179 -0.636276 -0.755071  0.47634  0.61513 0.628263
 0.184474 -0.679344 -0.710254 0.455665 0.667589 0.588808
0.790168 0.378201 0.482284 0.0119509 -0.856922 -0.515308
0.723225 0.474176 0.502097 0.361759 0.772391 0.522056
-nan -nan -nan -nan -nan -nan
0.609787 0.618217 0.495951  0.15551  0.86195 0.482555
 0.961081 -0.139294  0.238581 0.0335624 0.907042 0.419701
   0.82739  -0.561507 -0.0116785 0.0656227 0.897721 0.435649
  0.952748 -0.0996075   0.286966  0.139847 -0.899801  -0.41328
 0.907467 -0.407575  0.101911 0.184615 0.872802 0.451813
 0.928181 0.0564759  0.367819 0.00661673 0.846983 0.531578
 0.931156 0.0530269  0.360744 0.0739703 0.760383 0.645249
0.876148 0.228749 0.424309 0.0759821 0.803833 0.589982
0.849436 0.307579 0.428781 0.0221669 0.814632 0.579554
0.744568 0.470357  0.47369 0.0380219 0.851334 0.523245
0.949516 0.016421 0.313287 0.045197 0.906402  0.41999
0.901067 0.204391 0.382494 0.0114995 -0.876329 -0.481576
0.908345 0.132428 0.396703  0.104818 -0.885399 -0.452859
0.568526 0.467545 0.676889   0.05477 -0.690874 -0.720897
  0.967393 -0.0300063   0.251496 0.209647 0.633368 0.744912
 0.831351 0.0976412  0.547103 0.0401256 -0.588178 -0.807735
 0.877909 -0.436582 -0.196652 0.248501  0.62306 0.741649
0.0645458 0.461751 0.884658 0.375276 0.442873 0.814267
 0.234983 -0.385502 -0.892284 0.231549 0.422487 0.876294
0.780059  0.28788 0.555547 0.248757 0.434009 0.865885
0.522438 0.421196 0.741385 0.196922 0.458093 0.866818
0.595965  0.43042 0.677911 0.155883 0.569325 0.807198
0.448937 0.544712 0.708339 0.0190688 -0.674077 -0.738415
 0.646051  -0.10962 -0.755382 0.296717 0.602515 0.740901
     0.9739 -0.00498811    0.226924  0.25081 0.620289 0.743193
0.388485 0.570487 0.723618 0.0595451 -0.489805 -0.869796
0.306473 0.442188 0.842938 0.0802993 -0.446627  -0.89111
 0.968603 0.0631546  0.240458 0.258584 0.545944 0.796918
 0.187547 -0.404808 -0.894962  0.33289 0.533572 0.777487
0.773795 0.534158 0.340464 0.203389 0.720206 0.663276
0.163337 0.729139 0.664588 0.807788 0.352123 0.472744
0.00777858 -0.783858 -0.620891 0.371201 0.707903 0.600902
 0.704481 -0.617137 -0.350496  0.26348 0.711241 0.651701
 0.207845 -0.776333  -0.59507 0.220984 0.774261 0.593031
0.870121 0.438357 0.225239  0.222734 -0.773292  -0.59364
0.616981 0.546919 0.565874 0.234738 0.770126 0.593131
0.196378 0.777014 0.598068  0.322399 -0.749234 -0.578539
0.803101 0.430061 0.412403 0.0423758 -0.856564 -0.514299
0.434882 0.691558 0.576737 0.299477  0.77243 0.560059
0.496478 0.662825 0.560511 0.0516464 0.814972 0.577194
 0.59092 0.624064 0.511231 0.111744 0.836305 0.536756
0.407284 0.741856   0.5327 0.023014   0.7868 0.616778
 0.232572 -0.770676  -0.59327 0.276542 0.736437 0.617402
0.952767 0.211718 0.217741  0.338727 -0.807053 -0.483664
0.635526 0.585135  0.50371 0.148895 0.762288 0.629879
0.772272 0.445537 0.452872 0.159918 0.796851 0.582627
0.407795 0.754218 0.514643 0.162982 0.849103 0.502455
 0.62476 0.597439 0.502734 0.0826042 0.823565 0.561175
0.825996 0.346455 0.444633 0.173525 0.79672  0.5789
0.757376 0.453093 0.470201 0.0795976 0.776995 0.624454
0.876265 0.257485  0.40726 0.0776093 0.722842 0.686641
 0.838678 -0.496338 -0.224205 0.247894 0.689446 0.680597
 0.837368 -0.473155 -0.273752 0.266674 0.678979 0.684012
0.397899 0.686239 0.608895 0.0545209 -0.602754 -0.796063
   0.91006  -0.408871 -0.0679391 0.245804 0.676999 0.693724
0.410204 0.725856 0.552146 0.0407356 -0.710422 -0.702596
 0.907455  0.419128 0.0292744 0.249098 0.662631 0.706308
0.369748 0.703472 0.606971  0.167663 -0.794128 -0.584166
  0.989676 -0.0888655   0.112451 0.229041  0.74292 0.628976
 0.43128 0.626282 0.649437  0.113721 -0.754771 -0.646055
  0.925104  -0.369316 -0.0882507 0.231489  0.74381 0.627025
  0.919004 -0.0328243   0.392879 0.0703187 -0.910786 -0.406846
-nan -nan -nan -nan -nan -nan
-nan -nan -nan -nan -nan -nan
 0.764433 -0.640532 0.0732217 0.0344074 0.924099 0.380602
 0.890266 -0.400565  0.216733 0.433153 0.778853 0.453615
0.539316 0.701462 0.465929  0.151605 -0.952373 -0.264579
 0.909761 -0.316797   0.26828  0.064614 -0.916385 -0.395049
0.466593 0.761197  0.45041   0.641456  -0.766795 -0.0236589
 0.892968 -0.377103  0.245766  0.265356 -0.873294 -0.408587
 0.911723 -0.234902  0.337021  0.372825 -0.805854 -0.460001
 0.908808 -0.190572  0.371148  0.168177  -0.85249 -0.494952
 0.899519 0.0325581  0.435667  0.406552 -0.837506 -0.365101
 0.896255 -0.373844  0.238678 0.0162467  -0.90138 -0.432723
 0.74726 0.460293 0.479305  0.15418 0.910848 0.382862
 0.930395 -0.199234  0.307686 0.0145424 -0.906496 -0.421963
0.902363 -0.33293 0.273675 0.0145555 -0.902239 -0.430991
0.531379 0.425023 0.732797  0.479134 -0.665207 -0.572652
 0.90271 -0.41289  0.12098  0.209536 -0.668744 -0.713356
 0.819713 -0.110483  0.562018  0.467542 -0.592479 -0.656028
 0.753744 -0.595669 -0.277576 0.0455895 0.592032 0.804624
0.426951 0.281853 0.859227  0.292285 -0.456103 -0.840559
 0.495823 -0.409017 -0.766071 0.209648 0.396495 0.893778
0.862745 0.212681 0.458734  0.173427 -0.450592 -0.875722
 0.249605 -0.425199 -0.870002  0.60134 0.284174  0.74675
 0.96537 0.114661 0.234337 0.0509216  0.58313 0.810781
 0.92276 0.249433 0.293764  0.041609 -0.680446 -0.731616
0.800093  0.29318 0.523351  0.260958 -0.638899 -0.723677
 0.736567 -0.486627 -0.469748 0.315578 0.575346 0.754577
0.444595  0.52937 0.722567  0.517121 -0.593673 -0.616554
0.154375 0.434592 0.887298  0.495085 -0.502116 -0.709063
  0.982855  -0.179544 -0.0419428 0.0313037 -0.536483  -0.84333
 0.909378 -0.281746 -0.306023 0.0644683 -0.538992  -0.83984
0.873933 0.283005 0.395157 0.00243005 -0.839462 -0.543412
0.762632 0.424664 0.487906 0.0974313  -0.78039 -0.617655
0.810048 0.362099 0.461201 0.0116866 -0.849072 -0.528148
0.840323 0.293107 0.456011 0.00630896 -0.841589 -0.540081
 0.938273 0.0710068  0.338528 0.00248845 -0.889248 -0.457419
0.737898 0.485105 0.469233  0.498156 -0.838795 -0.219691
0.379168 0.764747 0.520955 0.0526324 0.896407 0.440097
0.511307 0.696673 0.503201  0.264192 -0.905649 -0.331667
0.0969378 0.900671  0.42355  0.874525 -0.423506  0.236324
 0.145039 -0.950602 -0.274444  0.418577 -0.899964  -0.12189
0.867023 0.285916 0.408073 0.040578 0.883493 0.466683
0.349694 0.831237 0.432156 0.0466795 -0.939146 -0.340331
 0.66603 0.564023 0.488142 0.0049352 0.888527 0.458798
 0.921979 0.0950311  0.375399 0.000214416 -0.882381 -0.470535
0.372768 0.796909 0.475374 0.0234757 0.915036 0.402689
0.756424 0.432744 0.490464 0.00513441 0.881417  0.47231
0.756373 0.47534 0.44939 0.000784536 0.892576 0.450896
0.852965 0.307073 0.422087 0.0643518 -0.955489 -0.287924
0.858553 0.264784 0.439062 0.0716125 -0.903741 -0.422046
 0.919554 0.0987783  0.380346 0.0550738 -0.902247 -0.427689
0.452937 0.617383 0.643184  0.523979 -0.788007  -0.32325
 0.924058 -0.057053  0.377972  0.279242 -0.782734 -0.556194
0.747557 0.320653  0.58167  0.320896 -0.755319 -0.571418
0.834735 0.113898 0.538743  0.354759 -0.779391 -0.516427
  0.968571 -0.0395237   0.245579  0.111622  -0.75264 -0.648902
 0.79636 0.368294 0.479761  0.107221 -0.773515 -0.624643
0.881393 0.261337 0.393509 0.0146577 -0.838855 -0.544157
0.967672 0.080284 0.239093 0.0468451  -0.76948 -0.636951
 0.975486 -0.178675  0.128463 0.0647907 0.827904 0.557115
 0.948841 -0.249273  0.193814 0.0136214 -0.826813 -0.562313
 0.924711 0.0611575  0.375724  0.192669  -0.76113 -0.619322
  0.854926  -0.515283 -0.0598773 0.131295 0.793328 0.594468
 0.892594 -0.438623  0.104336  0.356399 -0.852883 -0.381536
   0.80947  -0.584898 -0.0515066  0.457854 -0.841625 -0.286421
 0.928226 -0.336233  0.159198  0.410375  -0.85364 -0.320766
 0.613429 -0.769795 -0.176408 0.0664043 -0.882469 -0.465659
 0.869402 -0.488923 0.0713768  0.339573 -0.863309 -0.373346
 0.767037 -0.641462 0.0134322 0.226388 0.757238  0.61265
 0.902779 -0.131518  0.409504  0.433119 -0.837056 -0.334284
 0.448429 -0.839951 -0.305603 0.333632 0.700423  0.63095
 0.869965 -0.460956  0.175157  0.405753 -0.805375 -0.432128
 0.87689 -0.33747 0.342313  0.519542 -0.737233  -0.43193
  0.88573 -0.435944  0.159486  0.445964 -0.795371 -0.410489
 0.869163 -0.477232  0.129638  0.412279 -0.799887 -0.436128
 0.839271 -0.539147 0.0703168  0.374884 -0.847918 -0.374829
 0.658962 -0.739888 -0.135404 0.129948 -0.87658 -0.46338
 0.872892 -0.466879   0.14172  0.320187 -0.851458 -0.415331
  0.811029  -0.584989 0.00441734  0.280643 -0.856103 -0.433967
0.716525 -0.12203 0.686805  0.586142 -0.620793 -0.520628
 0.868585 -0.213813   0.44704  0.606681 -0.654608 -0.451028
 0.854301 -0.136893  0.501429  0.669631 -0.560238 -0.487574
  0.842185 -0.0265624   0.538533  0.642396  -0.61764 -0.453704
 0.850829 -0.113738  0.512985  0.699477 -0.442392 -0.561268
 0.861291 -0.377513  -0.34009  0.277499 -0.394862  -0.87583
 0.907168 -0.330785 -0.260051  0.638015 -0.441914 -0.630595
 0.227525 -0.399375 -0.888106  0.759328 -0.417017 -0.499518
0.959139 0.112484 0.259614  0.400289 -0.589802 -0.701358
 0.53245 0.419846 0.735001  0.655028 -0.627133 -0.421477
 0.843773 -0.475673 -0.248559  0.184378 -0.720561 -0.668429
0.652015 0.388769 0.650949   0.56834 -0.665738  -0.48351
 0.740907  -0.59225 -0.316695  0.356026 -0.577897 -0.734358
 0.802265 0.0295705  0.596236  0.681493 -0.526006 -0.508807
 0.801307 -0.425122 -0.420925  0.424493 -0.490494 -0.761066
0.00631999  -0.35466 -0.934974  0.669816 -0.525267 -0.524826
  0.953034 -0.0802182   0.292047  0.467627 -0.799924 -0.376094
 0.939173 -0.219385  0.264243  0.240187 -0.810151 -0.534757
 0.944567 -0.252187  0.210224  0.333814 -0.863281 -0.378568
 0.831624  -0.55311 0.0497103  0.257931 -0.839022 -0.479076
 0.935861 -0.303198  0.179544 0.0782974 -0.923171 -0.376332
 0.396617  -0.89703 -0.195019  0.141042 -0.952921  -0.26842
0.485552 0.729811 0.481265  0.543285 -0.827696 -0.140573
 0.561321 -0.816565 -0.134687 0.587308 0.652907 0.478311
 0.560792 -0.806639  -0.18667 0.285414 -0.91198 -0.29467
-nan -nan -nan -nan -nan -nan
 0.926187 -0.360622  0.110132  0.272537 -0.880671 -0.387483
  0.707958  -0.702055 -0.0768997 0.426568 0.752402 0.501927
  0.85709 -0.507141 0.0905752  0.463589 -0.843079 -0.272587
 0.829071 -0.553034 0.0824332  0.365592 -0.880976 -0.300374
 0.915269 -0.350512  0.198556  0.269891 -0.920475 -0.282638
  0.954198 -0.0649369   0.292043  0.341916 -0.880939 -0.327168
 0.874652 -0.473678  0.103017  0.444941 -0.839582 -0.311656
 0.679701   -0.7246 -0.113849  0.138485 -0.901722 -0.409536
 0.932666 -0.273609  0.235099  0.423528 -0.839204 -0.341116
 0.913211 -0.392913  0.108008  0.343914 -0.858277 -0.380898
 0.877837 -0.458927  0.137071  0.449773  -0.79494 -0.407155
0.740191 0.139802 0.657702  0.589885 -0.698472 -0.405182
 0.737369 -0.661541 -0.136568  0.411385  -0.73024 -0.545446
  0.86245 -0.504128 0.0451104  0.467387 -0.717172 -0.516927
0.356324 0.649988 0.671229  0.641216 -0.676219 -0.362725
 0.899972 -0.348095  0.262452  0.355233 -0.768179 -0.532645
 0.903583 0.0319267  0.427222  0.496133  -0.78715 -0.366399
 0.943724 -0.014312  0.330423  0.469692 -0.740388 -0.480848
0.870246 0.144651 0.470901   0.51053 -0.779857 -0.362191
 0.936886 -0.153116  0.314324  0.478862 -0.789994 -0.382883
0.0910979 0.722751 0.685078  0.637167 -0.694984 -0.333188
  0.918303 -0.0257252   0.395043  0.486003   -0.7871 -0.379835
 0.704864 -0.701779 -0.103311  0.247237 -0.785948  -0.56671
 0.858135 -0.495882  0.133061  0.588642 -0.777529 -0.221245
 0.847226 -0.256639  0.465128  0.545923 -0.795651 -0.262505
 0.517222 -0.803608  -0.29444   0.81722 -0.549038  0.175238
 0.824326 -0.307767  0.475149  0.537321 -0.793203 -0.286557
-nan -nan -nan -nan -nan -nan
0.277504 0.386566 0.879522  0.597933 -0.771225 -0.218377
 0.312963 -0.774444  -0.54981     0.6667  -0.743075 -0.0578813
 0.679998 -0.173731  0.712334  0.601247 -0.734162  -0.31545
 0.693959 -0.173957  0.698684  0.674739 -0.672926 -0.303147
 0.807657 -0.537944  0.241469  0.588311 -0.715235 -0.377265
0.495802 0.174369  0.85075  0.646308 -0.707323 -0.286324
 0.803753 -0.498363  0.324985  0.560397  -0.77418 -0.294279
 0.681367 -0.730471  -0.04639  0.332911 -0.804772 -0.491438
0.755547 -0.23811 0.610289  0.532104 -0.774656 -0.341722
0.804961 -0.54231 0.240704   0.53388 -0.775544 -0.336904
 0.423237 -0.185252  0.886878   0.73894 -0.576818 -0.348208
 0.716081 -0.178632  0.674773  0.738607 -0.604219 -0.298963
 0.762203 -0.206644   0.61347  0.788753 -0.529624 -0.312037
  0.76682 -0.149894  0.624115  0.754527  -0.58052 -0.306081
 0.830034 -0.260844  0.492954  0.826774 -0.447501 -0.340862
  0.392691 0.00590065   0.919652  0.793255 -0.398497 -0.460376
 0.623725 -0.438952 -0.646753  0.843011 -0.440024 -0.309374
  0.78143 -0.201422   0.59059  0.829454 -0.442844 -0.340434
   0.957906   -0.287083 0.000362659  0.643618 -0.561767 -0.519782
  0.950727 -0.0912667    0.29629  0.627765 -0.639954 -0.443136
  0.89904 -0.416464  0.135221  0.637307  -0.62479 -0.451084
0.086304 0.567778 0.818645  0.720324 -0.584229 -0.373911
  0.807504  -0.585464 -0.0718938  0.667271  -0.54583 -0.506773
 0.774793 -0.159606  0.611736   0.79498 -0.512964 -0.323844
 0.849803 -0.443342 -0.285102  0.674299 -0.449796 -0.585666
 0.441822 -0.328402 -0.834832   0.79733 -0.512085 -0.319426
0.391702  0.53564 0.748103  0.597558 -0.743515 -0.300182
 0.944482 -0.126268  0.303333  0.564673 -0.719894 -0.403605
0.826973 0.195534 0.527145  0.502289 -0.783568 -0.365687
0.603777 0.396863 0.691342  0.563361  -0.75249 -0.341149
 0.68164  0.37707 0.627045  0.389029 -0.845925 -0.364783
0.240008 0.721482 0.649507  0.736779  -0.67601 0.0129018
0.839398 0.027688 0.542812  0.597318 -0.790148 -0.137397
  0.881664 -0.0821398   0.464674   0.693922   -0.71858 -0.0459823
 0.912269 -0.274873  0.303662   0.37078 -0.866801 -0.333433
 0.888498 -0.158279  0.430719  0.615109 -0.771034 -0.164764
 0.849998 -0.507815  0.140097  0.318967 -0.832805 -0.452432
  0.688261  -0.722353 -0.0671113   0.845359 -0.0364474   0.532954
 0.866857 -0.378402   0.32461  0.508179 -0.807874 -0.298485
0.568559 0.478942 0.668846  0.497712 -0.816033 -0.293893
 0.877231 -0.358757  0.318996  0.416491 -0.859611  -0.29598
 0.840051 -0.529828  0.116607  0.246502 -0.850164 -0.465251
 0.833298 -0.509274  0.215071  0.530601 -0.793275 -0.298627
 0.760688 -0.647895 0.0398163  0.418341 -0.837008 -0.352715
 0.823417 -0.527586  0.208898  0.521338 -0.787474 -0.328773
  0.83984 -0.525303  0.136842  0.422843 -0.809421 -0.407482
 0.749085 -0.661847  0.028807   0.55939 -0.722676 -0.405982
   0.70927 -0.0791957   0.700474  0.703235 -0.645427 -0.298135
 0.771258 -0.636369 0.0139461  0.620546 -0.643731 -0.447809
  0.75725 -0.446249    0.4769  0.666731 -0.647258 -0.369495
  0.84952 -0.259237   0.45947  0.633898 -0.674481 -0.378481
0.345948 0.531511 0.773185  0.650293 -0.673665 -0.351133
  0.818496 -0.0825223   0.568555  0.582868 -0.742912  -0.32916
 0.40809 0.438618 0.800673  0.647346  -0.68133 -0.341662
  0.813151 -0.0558338   0.579368  0.591819 -0.739454  -0.32087
 0.830319 -0.543261  0.124247  0.560037 -0.738623 -0.375226
 0.858348 -0.498392  0.121835  0.602372 -0.680673 -0.416933
0.847299 -0.41979 0.325363  0.579708 -0.737222 -0.347049
 0.543816 -0.310816  0.779524  0.646028  -0.75216 -0.130014
 0.616781 -0.780404 -0.102717  0.331953  -0.74559 -0.577843
 0.606168 -0.376659  0.700491  0.616962 -0.778593 -0.114674
 0.662928 -0.736186  0.136223  0.570059  -0.78685 -0.236431
 0.619246 -0.491343  0.612468   0.634025  -0.768026 -0.0902691
 0.162148 -0.160184  0.973678  0.322424 -0.447308 -0.834241
  0.43742 -0.587415 -0.680887   0.642558  -0.762687 -0.0736666
  0.638063  -0.768559 -0.0468285  0.527204 -0.690265  -0.49557
0.252445 -0.17143 0.952304  0.676134 -0.718727 -0.162095
 0.361686 -0.293192  0.884998  0.730151 -0.662359 -0.167812
 0.502737 -0.394657  0.769092  0.693321 -0.705093 -0.148826
 0.300791 -0.147198  0.942262  0.689748 -0.704543 -0.166931
 0.635221 -0.588784  0.499828  0.638867 -0.751802 -0.163226
  0.65049 -0.649955  0.392966  0.611998 -0.777072 -0.147026
 0.133475 0.0228029   0.99079  0.645025 -0.745693 -0.166984
 0.663225 -0.603476  0.442661  0.630891 -0.746395 -0.211829
 0.202541 -0.117036 -0.972255  0.808726 -0.569398 -0.147473
 0.202984 -0.165253  0.965137  0.790779 -0.598744 -0.127179
 0.0874087 -0.0422998  -0.995274   0.845249  -0.527557 -0.0850748
0.00988943 0.0704781  0.997464  0.813785 -0.571586 -0.105093
0.640796 -0.30969 0.702476  0.882199  -0.43602 -0.177794
 0.903566 -0.390351  0.176621  0.874082 -0.386519  -0.29425
 0.824721 -0.278505   0.49221  0.873144 -0.441656 -0.206299
 0.646468 -0.277719  0.710599  0.887909 -0.429131 -0.165721
  0.89123 -0.319856   0.32156  0.788064 -0.528063 -0.316393
 0.809401 -0.146808   0.56861  0.748221 -0.597035 -0.289334
 0.633667 -0.118751  0.764438  0.795056  -0.56195 -0.228249
  0.603233 -0.0457858    0.79625  0.789678 -0.560143 -0.250297
  0.36144  -0.31542 -0.877423  0.825548 -0.544196 -0.149404
 0.272512 -0.234742 -0.933077   0.866122  -0.492486 -0.0853775
 0.875128 -0.395582  0.278686  0.829133 -0.478105 -0.289747
 0.477327 -0.322207 -0.817522  0.854583 -0.491383 -0.168021
 0.157542 -0.581658 -0.798031    0.7109 -0.688958 -0.141272
 0.628019 0.0776589  0.774314  0.708522 -0.657773 -0.255601
0.409794 0.307424 0.858813  0.648105 -0.720756 -0.245907
0.0874876 0.471718 0.877398  0.692583 -0.694252 -0.195813
0.0784515 0.548395 0.832532  0.600726 -0.770504 -0.213194
-nan -nan -nan -nan -nan -nan
 0.771453 -0.494756  0.400096  0.547668 -0.808336 -0.215992
 0.703523 -0.333919  0.627338  0.566104 -0.803834 -0.182692
  0.29982 -0.679507 -0.669611    0.63441  -0.772753 -0.0193986
0.135913 0.321475 0.937113     0.63445   -0.772945 -0.00534947
 0.417312 -0.727612 -0.544455  0.709645 -0.689805   0.14343
0.0960338 0.385043 0.917888  0.650432  -0.75829 0.0439726
0.0910628 -0.560755 -0.822959    0.67323  -0.737436 -0.0543087
0.0256801 -0.607542 -0.793873  0.626637 -0.760192 -0.171564
 0.622268 -0.773744 -0.118751 0.409142 0.155267 0.899164
0.652459 -0.75084 -0.10265  0.027773 -0.570638 -0.820732
 0.443531 -0.106767  0.889877  0.649222  -0.75221 -0.112653
 0.676428 -0.678152  0.287324  0.594199 -0.791738 -0.141699
 0.520839 -0.274651  0.808266  0.647351 -0.751795 -0.125465
 0.470669 -0.130339   0.87263  0.645978 -0.752563 -0.127915
 0.516344 -0.387639  0.763626   0.69634 -0.701836 -0.150123
  0.241962 -0.0961727   0.965508  0.751144 -0.643674 -0.146515
 0.544365 -0.411132  0.731189  0.748931 -0.638006 -0.179027
 0.468682 -0.364273  0.804762  0.746672 -0.641717 -0.175158
 0.371483 -0.544544 -0.751979  0.776174 -0.616875 -0.130458
0.0428025 0.440554 0.896705  0.751712 -0.629399 -0.196943
 0.334409 -0.638075 -0.693563   0.728118  -0.678301 -0.0987536
0.0313458 0.431671 0.901486  0.754331 -0.629831 -0.185193
  0.30547 -0.574978 -0.759005   0.711726  -0.695973 -0.0952182
 0.416205 -0.145218    0.8976  0.696234 -0.702711 -0.146476
 0.305852 -0.451472 -0.838229  0.757343 -0.639717 -0.131126
  0.360482 -0.0606189   0.930794  0.698576 -0.700063 -0.147998
  0.643714  -0.760012 -0.0895228  0.237864 -0.544259  0.804489
  0.190967 0.00623096  -0.981577 0.549063 -0.80093 0.238832
 0.374923 -0.157973 -0.913497  0.553078 -0.810225   0.19401
 0.615594 -0.782035 -0.097295  0.283596 -0.614571  0.736122
0.0763186 -0.419398  0.904589  0.571459 -0.803062  0.168896
 0.157506  0.265849 -0.951061  0.635525 -0.767634 -0.082737
 0.668594 -0.651566  -0.35839  0.436472 -0.767071  0.470207
 0.543854 -0.805019  0.236998  0.622194 -0.496046 -0.605651
 0.359946 0.0178324 -0.932803  0.636996 -0.754651  0.157284
 0.284881  0.100045 -0.953328 0.706909 -0.69104 0.150812
 0.258595  0.122983 -0.958125  0.669624 -0.730534  0.133876
 0.405708 -0.123115 -0.905673   0.66149 -0.733114  0.158037
0.0205889 0.346565  -0.9378  0.606205 -0.782822  0.140375
 0.182929 -0.573008  0.798874   0.612276  -0.789422 -0.0439329
  0.371833 -0.0667419  -0.925897  0.604998 -0.783366  0.142528
0.0702446  0.296678 -0.952391  0.599346 -0.784166  0.160833
 0.787379 -0.330529  -0.52037  0.780801 -0.599106  0.177262
 0.254021 -0.454185  0.853926  0.808886 -0.586564 0.0405623
  0.572762 -0.0400457  -0.818743  0.829328 -0.532846  0.168195
0.0387353  0.253874 -0.966461  0.808476 -0.585016  0.064214
 0.741216 -0.437238  0.509334   0.908162  -0.415377 -0.0520007
 0.914705 -0.363368 -0.176854   0.86886 -0.422831  0.257482
0.0387749 0.0491854 -0.998037  0.893513 -0.448378  0.024315
 0.756571 -0.444832  0.479297    0.90816  -0.412303 -0.0724711
 0.393342 -0.232339  0.889551    0.84557  -0.526731 -0.0869778
  0.101639 -0.0197672   0.994625   0.796257  -0.598696 -0.0868184
 0.729518 -0.338075  0.594565   0.822464  -0.560184 -0.0987261
 0.518448 -0.407336  0.751857   0.815337  -0.570545 -0.0985109
  0.83751 -0.499653 -0.221187  0.840976 -0.505229  0.193655
 0.834754 -0.372219 -0.405757   0.85767 -0.476889  0.192298
 0.596575 -0.429398  0.678023   0.869108  -0.488361 -0.0784564
 0.812884 -0.454763  0.363882    0.87013  -0.484453 -0.0904405
 0.157357 -0.292963 -0.943086   0.714006  -0.697152 -0.0646111
0.0383278 0.0451024  0.998247  0.737433 -0.664891 -0.118798
0.0316441 0.0597345  0.997713  0.676769 -0.718986 -0.158251
  0.17608 -0.172555  0.969134  0.697848  -0.69676 -0.165932
 0.506035 -0.563691  0.652826   0.58633 -0.714634 -0.381466
 0.129539  -0.18631 -0.973914   0.619512  -0.784807 -0.0168215
 0.605517 -0.733048 -0.309823  0.619249 -0.774038 -0.131891
    0.62037   -0.784297 -0.00436542  0.171254 -0.236142 -0.956509
0.0520901 0.0669993 -0.996392  0.593602 -0.803809  0.039097
 0.288985 -0.140604 -0.946952   0.602905  -0.797456 -0.0238863
  0.629719   -0.77564 -0.0428547    0.128283 -0.00813634   -0.991704
 0.582394 -0.798007  0.154925  0.453015 -0.467812   -0.7589
 0.463554 -0.602449 -0.649748  0.632588 -0.766953 -0.107776
 0.156097 -0.201567 -0.966956  0.646371  -0.75324 -0.121799
 0.441923 -0.558977 -0.701604   0.50561 -0.694851  0.511411
 0.482682 -0.560565 -0.672893  0.649591 -0.757322 0.0670474
0.0410516 -0.273696   0.96094    0.63835   -0.76965 -0.0121676
  0.14837 0.0438462 -0.987959  0.184507 -0.460398  0.868326
0.343391 -0.19899 -0.91787  0.625466 -0.774699 0.0929182
0.0794783  0.123337 -0.989177   0.640491  -0.767478 -0.0273564
 0.223975 0.0961509  -0.96984  0.686264 -0.717582  0.118819
  0.366988 -0.0805833  -0.926729  0.733233 -0.662757  0.152061
 0.469627 -0.634838   0.61354    0.77098  -0.635946 -0.0340965
 0.096952 -0.395182  0.913472  0.762719 -0.645788 0.0348989
 0.684207 -0.621823 -0.381047  0.784771 -0.596437  0.168514
 0.353299 -0.323457  0.877813  0.758546 -0.640065  -0.12217
 0.617592 -0.645177 -0.449808  0.725625 -0.678385  0.115161
0.0260953 0.162493 0.986365   0.773655  -0.630514 -0.0625333
 0.639441 -0.557459 -0.529485  0.682405 -0.717819  0.138053
0.0998787 -0.309905  0.945507  0.699034 -0.714728 0.0226989
 0.725665 -0.584089 -0.363663  0.711781 -0.672498  0.202764
 0.169337 0.0238209  -0.98527   0.70254 -0.711535 0.0124859
  0.47178 -0.794178   0.38302  0.708549  -0.22546 -0.668675
0.311257 0.327803   -0.892  0.560441 -0.804307  0.197474
  0.44601  0.267362 -0.854162  0.580949 -0.793438  0.181533
 0.468662 -0.809069  0.354631  0.649938 -0.111748 -0.751727
  0.20937  0.493228 -0.844328  0.496593 -0.806727  0.320291
-nan -nan -nan -nan -nan -nan
 0.474051 -0.793248  0.382143  0.423307  0.349728 -0.835764
 0.430443 -0.803666  0.410901  0.807003 -0.450704 -0.381592
 0.822503 -0.254388   -0.5087  0.504125 -0.758561  0.412847
 0.834334 -0.353582 -0.422926  0.568165 -0.699505  0.433454
 0.599425  0.139875 -0.788115  0.604812 -0.720344  0.339568
 0.812865 -0.502887 -0.293862  0.513066 -0.733356  0.446041
 0.107636  0.586051 -0.803093  0.611259 -0.765772   0.19989
  0.38588  0.358159 -0.850188   0.682617  -0.730747 0.00653453
 0.360693  0.393058 -0.845817  0.539683 -0.783159  0.308876
 0.236858  0.484888 -0.841892 0.578121 -0.77632 0.251203
 0.917546 -0.322751 -0.232254  0.703886 -0.584881  0.403061
0.166646 0.311137 -0.93564  0.720741 -0.603248  0.341503
0.0808708 0.302696 -0.94965  0.795389 -0.515869  0.318174
    0.759 -0.249917 -0.601216  0.697419 -0.597183  0.396205
   0.2089 -0.369477  0.905454  0.863312 -0.428339  0.266866
 0.723346 -0.454701  0.519632  0.915458 -0.389962 0.0993272
 0.731476 -0.145988 -0.666056  0.820736 -0.457831  0.341734
 0.677599 -0.460239   0.57362   0.931581   -0.36331 -0.0127292
0.0321231  0.174301 -0.984168   0.83281 -0.530827  0.157003
 0.671069 -0.297621 -0.679035  0.752267 -0.609854  0.249343
 0.217152 -0.396237  0.892099   0.79316 -0.585001  0.169325
  0.540025 -0.0944579  -0.836332  0.772559 -0.591218  0.231546
 0.495174 -0.568905  0.656619  0.842795 -0.514519  0.158008
  0.645126 -0.0679245  -0.761051  0.770465 -0.517521   0.37223
 0.528227 -0.484379   0.69739  0.876612 -0.461994  0.134585
 0.918161 -0.335475 -0.210802 0.755264 -0.51434 0.406239
  0.423601 -0.0345076  -0.905191  0.660353 -0.733341  0.161695
  0.460373 -0.0857977   -0.88357 0.700775 -0.69277 0.170247
 0.370446 0.0283342 -0.928422  0.638634 -0.754219  0.152645
0.359929 0.117901  -0.9255  0.660915 -0.733254   0.15978
 0.350326 -0.735123  0.580402  0.675595 -0.693401 -0.250534
  0.441469 -0.0815459  -0.893563  0.543519 -0.805413  0.236426
 0.620304 -0.284942 -0.730774  0.567231 -0.800512  0.193468
 0.506566 -0.798086  0.326267  0.591441 -0.333976 -0.733933
 0.462234  0.025918 -0.886379  0.570348 -0.802983  0.172978
  0.569946 -0.0419159  -0.820613  0.570835 -0.801668  0.177413
 0.427073 -0.773422   0.46843   0.72256 -0.592564 -0.356054
0.524053 -0.80722 0.271593  0.632137 -0.263816 -0.728563
 0.577031 -0.212266 -0.788656  0.605589 -0.780135  0.157004
 0.325655   0.15054 -0.933427  0.603135 -0.782298  0.155682
 0.689946 -0.581706 -0.430804  0.382605 -0.775085  0.502848
 0.507042 -0.108368 -0.855082   0.63021  -0.77215 0.0813558
 0.408881  0.145759 -0.900872  0.617021 -0.772213  0.151564
  0.559912 -0.0230227  -0.828232  0.576726 -0.799773  0.166587
 0.532894 0.0372912  -0.84536  0.582527 -0.781191  0.224505
 0.242831  0.367926 -0.897588  0.648914 -0.756624 0.0801921
 0.168705 -0.677176   0.71622  0.709581 -0.680774  0.181775
 0.808657 -0.459374 -0.367491  0.612174 -0.669128  0.421319
  0.34042 -0.651384  0.678096  0.781795 -0.596263  0.182394
 0.845466 -0.163751 -0.508305  0.653275 -0.654113  0.381271
  0.58698 -0.143857 -0.796718  0.707108 -0.659074  0.256165
 0.395045 0.0844917 -0.914768  0.728107 -0.663823  0.170878
 0.318615  0.154747 -0.935167 0.676863 -0.71755 0.164248
 0.496452 -0.103983 -0.861814  0.704931 -0.667905  0.238696
 0.577594 -0.112972 -0.808469  0.647235 -0.725913  0.232673
0.0914318 -0.581342  0.808506  0.680224 -0.713532  0.167832
 0.235766 -0.545234  0.804446  0.740915 -0.650558  0.166791
  0.580237 -0.0852086  -0.809978  0.644349 -0.723275   0.24837
 0.142149  0.604473 -0.783841  0.745616 -0.646493  0.161565
  0.838185  -0.543412 -0.0463506  0.520398 -0.771686  0.365632
 0.891725 -0.428326  -0.14616 0.549628 -0.76149 0.343572
 0.755377  0.176746 -0.631004  0.736448 -0.662414  0.137307
 0.902863 -0.410419 -0.128041  0.642426 -0.719285   0.26442
-nan -nan -nan -nan -nan -nan
 0.518497  0.422165 -0.743598  0.857618 -0.510529 0.0620659
  0.844625  -0.535074 -0.0174566  0.508324  0.498456 -0.702245
 0.641773  0.287607 -0.710921   0.72449 -0.590118  0.356196
 0.638826  0.264308 -0.722525  0.694221 -0.548934  0.465541
 0.518763  0.315206 -0.794689    0.7115 -0.619509  0.331627
 0.423124  0.447002 -0.788134   0.74031 -0.581748  0.336913
 0.793254  0.104454 -0.599864 0.649563 -0.68689  0.32596
  0.884978 -0.0415749  -0.463772  0.757831 -0.640096  0.126367
  0.67251   0.29218 -0.679972  0.716669 -0.639337  0.278628
 0.530571  0.366496 -0.764313  0.771194 -0.614883   0.16486
 0.156006  0.345458 -0.925376  0.742432 -0.521392  0.420648
0.772051 0.148536 -0.61796  0.658421 -0.504753  0.558307
  0.42818  0.297919 -0.853174  0.714954 -0.444313   0.53984
 0.124072 -0.493601  0.860793  0.796006 -0.450424  0.404343
 0.367575 -0.423768  0.827834  0.826153 -0.381036  0.415069
 0.368388 -0.494033  0.787542   0.888713 -0.0284091  -0.457584
 0.115136 -0.376092  0.919401  0.825624 -0.435514  0.358711
 0.548629 -0.438431  0.711888  0.965813  -0.25669 0.0362716
 0.442371  0.126419 -0.887878  0.760706 -0.520985   0.38717
 0.807403 -0.229693 -0.543453  0.672458 -0.607457  0.422844
 0.752506  -0.13831 -0.643898  0.690625 -0.561705  0.455548
 0.613889 0.0941638 -0.783756  0.736337 -0.553008  0.389858
 0.548765  0.130525 -0.825724  0.724443 -0.525162  0.446527
 0.284636 -0.438448  0.852494  0.818854 -0.403854  0.407898
 0.111892  0.349165 -0.930357  0.812663 -0.455523  0.363425
 0.166283  0.257778 -0.951788  0.769714 -0.469504  0.432558
 0.826994 -0.299851 -0.475574  0.578682 -0.723739  0.375938
 0.649249 0.0318996 -0.759907  0.607472 -0.695072  0.384517
  0.64131 0.0823472  -0.76285   0.54722 -0.754533  0.362259
  0.759005 0.00373148  -0.651074  0.565235 -0.722855  0.397479
 0.188303 -0.758223  0.624211   0.64989 -0.742057  0.164298
-nan -nan -nan -nan -nan -nan
 0.655532 -0.728753  0.197982 0.388467 -0.78535 0.481994
 0.202531 -0.747646  0.632461  0.693867 -0.713741 0.0955077
 0.699108 -0.699295  0.149114 0.418872 -0.78774 0.451677
 0.773743 -0.631489 0.0504296  0.491552 -0.779031  0.389215
 0.716648 0.0364909  -0.69648  0.631374 -0.731049  0.258716
 0.458903 -0.783891  0.418239  0.721313 -0.682482  0.118006
 0.879188 -0.356766 -0.315827  0.535224 -0.755214  0.378401
 0.744451 0.0201486 -0.667373  0.509566 -0.773342  0.377206
 0.504135 -0.779423  0.371951  0.712028 -0.694393  0.104091
 0.170594  0.583669 -0.793869  0.627242 -0.743323  0.232462
   0.8867  -0.32995 -0.323878   0.56077 -0.737651  0.376042
 0.387962 -0.790225  0.474374  0.754371 -0.650532 0.0879414
  0.88753 -0.273011 -0.371155  0.596905 -0.719341  0.355321
 0.822593  -0.14787 -0.549068  0.648332 -0.712595  0.268093
 0.477294  0.335542 -0.812159 0.684591 -0.63051 0.365777
0.0985854  0.531047 -0.841588  0.767493 -0.516648  0.379512
 0.535863  0.207453 -0.818422  0.695162 -0.581833  0.422161
 0.239668   0.39847 -0.885314  0.726979 -0.572675  0.378873
  0.769034 -0.0375933  -0.638101  0.66329 -0.61751 0.422762
   0.81603 -0.0853291  -0.571676  0.629241 -0.652591  0.422114
 0.825157 -0.117711 -0.552503  0.596392 -0.694872  0.401832
 0.797925 -0.222611 -0.560143  0.639719 -0.652578  0.406081
 0.841363 -0.304208 -0.446729  0.612026 -0.693195  0.380664
 0.645898 0.0886071 -0.758264  0.658793 -0.663357  0.354892
  0.674828 -0.0327856  -0.737247  0.670475 -0.614787  0.415332
  0.84345 -0.160257 -0.512746  0.622594 -0.671928   0.40111
 0.651465 -0.580913  0.487989  0.312232  0.693218 -0.649585
  0.5271 0.608116  -0.5936 0.0288517 -0.774302  0.632159
 0.986776 -0.162093         0  0.986776 -0.162093         0
 0.703786  0.494279 -0.510268  0.113686  0.759405 -0.640608
 0.991996 -0.126271         0  0.991996 -0.126271         0
 0.994371 -0.105954        -0  0.994371 -0.105954        -0
 0.921019 -0.325996  0.213192  0.202467  0.758896 -0.618938
 0.760254 -0.542454  0.357431  0.282765  0.740396 -0.609801
 0.895009  0.337168 -0.292022 0.0158946  0.738401 -0.674174
0.766711  0.47461 -0.43232 0.0369263 -0.674394  0.737448
0.878523 0.395995 -0.26718 0.00862745 -0.701849  0.712274
   0.8492  0.366621 -0.380064 0.0188896 -0.701961  0.711965
0.554458 0.614306 -0.56143 0.0763466 -0.738171   0.67028
0.0384489 -0.778859   0.62602 0.485527 0.651745 -0.58266
 0.794899  0.429098 -0.428965 0.0371479 -0.752531  0.657508
 0.581476  0.618712 -0.528282 0.0607026  0.753443 -0.654705
 0.934814 -0.161554  0.316266 0.0256386 -0.58147 0.813164
 0.816877    0.4237 -0.391394  0.104038 -0.601462  0.792098
 0.969628 -0.031424  0.242557 0.0362857 -0.560393  0.827432
  0.984345   0.158099 -0.0779073 0.0890521 -0.573707  0.814205
 0.580469 -0.396527  0.711212 0.0803193  0.519853 -0.850471
-nan -nan -nan -nan -nan -nan
 0.572019 -0.416977  0.706346  0.426971  0.375605 -0.822567
0.422731 -0.42806 0.798788  0.972684  0.053041 -0.225991
0.0152525   0.48183 -0.876132   0.77592 -0.390783  0.495214
 0.506548  0.360164 -0.783384  0.643649 -0.500894  0.578637
 0.956716 0.0966142 -0.274519 0.306365 -0.52602 0.793375
 0.241302  0.456442 -0.856408  0.694909 -0.434581  0.572923
 0.791386 -0.336092  0.510637 0.0281432 -0.529629  0.847762
 0.563123 -0.395537  0.725564 0.0586353  0.514274 -0.855619
 0.258674  0.435126 -0.862411  0.629643 -0.414335  0.657173
 0.843122  0.269589 -0.465261 0.349407 -0.48581 0.801189
 0.476213  0.471887 -0.741987   0.66926 -0.554788  0.494268
 0.679668  0.260298 -0.685781  0.627737 -0.564313  0.536188
0.690583 0.264939 -0.67298 0.693425 -0.59888 0.400629
 0.344067  0.495788 -0.797378  0.747661 -0.530345  0.399671
 0.500578  0.463329 -0.731264   0.87001 -0.487484 0.0737662
  0.929138 -0.0306044  -0.368465  0.305538 -0.822458  0.479801
 0.855337  0.206603 -0.475093  0.33528 -0.81248 0.476931
 0.726807  0.381652 -0.571046   0.911403  -0.408222 -0.0519633
   0.951941 -0.00151455   -0.306277 0.0335084  0.798259 -0.601382
 0.713733   0.45341 -0.533858 0.00442786 -0.791222  0.611513
 0.256606 -0.696005  0.670619  0.860112  0.290236 -0.419487
 0.363615  0.714172 -0.598116 0.930971 0.186373 -0.31394
 0.202708 -0.691845  0.693008  0.948138 0.0371956 -0.315676
 0.225764  0.606454 -0.762394  0.883758 -0.453252   0.11634
0.0532775 -0.809024  0.585357  0.935203 0.0489545 -0.350712
 0.862161  0.164711 -0.479112  0.522384 -0.669607  0.527959
 0.146426 -0.686656  0.712084  0.788655  0.416489 -0.452283
 0.408987  0.710003 -0.573259  0.874732  0.352753 -0.332278
0.993064 -0.09445 -0.07002 0.0410146  0.708898 -0.704118
 0.965655  0.204112 -0.160775   0.13265  0.702636 -0.699076
 0.936758 -0.192122   0.29253 0.0202836   0.65826 -0.752517
 0.916461  0.289552 -0.276152 0.0162127 -0.641945   0.76658
 0.987425  0.115843 -0.107578  0.136776 -0.596535  0.790847
 0.963719 -0.102843  0.246311 0.0364009 -0.639093  0.768268
  0.996678 -0.0688638 -0.0434913  0.226352 -0.574496  0.786587
 0.135345  0.515877 -0.845904   0.76271 -0.463853  0.450681
  0.20633 -0.611676  0.763728    0.984456 -0.00166227   -0.175623
 0.694073 -0.473721   0.54208  0.220385  0.544816 -0.809077
 0.761872 -0.418228  0.494607  0.259784  0.630339 -0.731564
 0.511149  0.551131 -0.659531  0.282082 -0.643302  0.711753
0.960297 0.162233 -0.22696 0.161381 -0.60123  0.78261
 0.981354 0.0819856 -0.173847  0.116799 -0.656517  0.745213
0.975921 0.153924 0.154552  0.196659  0.771458 -0.605126
 0.987115 0.0795338  0.138848     0.245  0.807406 -0.536723
 0.922412 -0.113472  0.369163   0.22613  0.815169 -0.533259
0.892218 -0.20742 0.401153  0.232595  0.808719 -0.540254
 0.630927  0.665173 -0.399345  0.252023  0.783675 -0.567748
-nan -nan -nan -nan -nan -nan
  0.930501 0.00951843   0.366166  0.256726  0.769315 -0.585018
 0.698669 -0.394424  0.596901  0.133764  0.781941 -0.608831
  0.94636 0.0784734  0.313439  0.268442  0.740337 -0.616312
0.960348 0.213611  0.17917  0.257831  0.700856 -0.665075
0.944254 0.189695 0.269073  0.245459  0.726375 -0.641973
 0.948907 0.0345313   0.31366 0.273801 0.727749 -0.62882
 0.749492  0.618086 -0.237132    0.2559  0.769173 -0.585567
  0.45392  0.780458 -0.429933   0.22369  0.815116 -0.534368
  0.931919 -0.0184611   0.362196   0.25945  0.760166 -0.595679
 0.863363   0.49096 -0.116457 0.259947 0.760136  -0.5955
 0.698596 -0.222248  0.680124  0.258817  0.638472 -0.724822
 0.950968  0.302758 0.0632171  0.205216  0.648961 -0.732622
  0.864141 -0.0422829   0.501471  0.279997  0.611076 -0.740397
 0.945231 0.0637407  0.320119  0.229054  0.640455 -0.733043
 0.591296 -0.301851  0.747833  0.252114  0.565328 -0.785393
0.0577467   0.56896 -0.820335  0.688199  0.485832 -0.538841
 0.500178 -0.389461  0.773397  0.208963  0.531955 -0.820584
0.0143682  0.521453 -0.853159  0.924916  0.293628 -0.241482
 0.992203  0.120868 0.0303923 0.0738626 0.569883  -0.8184
  0.962741 -0.0574938   0.264243  0.117633   0.62122 -0.774757
 0.847507  0.414138 -0.331996 0.0862458   0.61868 -0.780895
 0.978467 0.0050726  0.206339  0.111884  0.618262 -0.777968
  0.922687 -0.0192803   0.385068   0.19314  0.611318 -0.767455
 0.615983 -0.317961   0.72074 0.275796 0.586587 -0.76148
 0.918796 -0.087188  0.384983  0.128083  0.562329 -0.816934
 0.576245 -0.334448  0.745712  0.236912  0.584558 -0.775993
 0.938347  0.289551 -0.188852 0.0195387  0.722381 -0.691219
  0.982756   0.178054 -0.0498681 0.0394142  0.679578 -0.732544
 0.772516  0.485316 -0.409495 0.0328462 -0.737857  0.674157
 0.761721  0.521451 -0.384538 0.0252881 -0.720857  0.692622
   0.9526  0.224478 -0.205339  0.109909  0.775087 -0.622221
 0.203445  0.774887 -0.598465  0.968918 -0.224417  0.104088
-nan -nan -nan -nan -nan -nan
 0.201814 -0.778494  0.594321  0.209992  0.772081 -0.599829
 0.997579 0.0657203   0.02272  0.113972  0.821468 -0.558749
   0.95575 -0.0948724   0.278462 0.0472648  0.816254 -0.575757
  0.949742   0.300168 -0.0888218 0.0142286  0.775322 -0.631405
  0.98952  0.114998 0.0873201  0.122029  0.813778 -0.568221
  0.983097 -0.0794753   0.164934 0.00810155  0.772198 -0.635331
 0.954598  0.249738 -0.162398  0.059477  0.772205 -0.632583
  0.995256 -0.0138252  0.0962986  0.227319  0.811635 -0.538121
  0.996627 0.00337797  0.0819982 0.0241812 -0.772712  0.634295
  0.81127  0.532859 -0.240628 0.0204891  0.763827 -0.645096
0.979906  0.17118 0.102378  0.219089   0.81461 -0.537039
   0.95658 -0.0460565    0.28781  0.198056  0.766109 -0.611433
 0.973651   0.22589 0.0312775  0.102933  0.767529 -0.632695
0.949138 0.293058 0.115128  0.218441  0.716348 -0.662668
 0.959434 0.0821742  0.269691  0.263746  0.687087 -0.677015
 0.840885  0.501086 -0.204514  0.121913  0.664954 -0.736868
0.916473 0.061386 0.395359  0.208749  0.681265 -0.701643
 0.892531 -0.183173  0.412112   0.16722  0.664947 -0.727931
 0.931914  0.322867 -0.165206  0.031655  0.668774 -0.742792
0.992942  0.06031 0.102121  0.073005  0.715283 -0.695011
 0.935797  0.301762 -0.182274 0.0796683  0.669533 -0.738498
  0.91396 -0.136896  0.382017    0.1403  0.726096 -0.673128
 0.781529  0.539634 -0.313062 0.0953243  0.717767 -0.689728
0.970853  0.10771 0.214111  0.163154  0.678487 -0.716265
 0.903262  0.409996 -0.126571  0.100206  0.720349 -0.686336
 0.712686  0.677969 -0.180103   0.20048  0.755917 -0.623215
0.886829 0.169837 0.429756  0.382183   0.80945 -0.445788
0.837059 0.424875 0.344693  0.158302  0.792569 -0.588876
 0.455764 -0.486571  0.745338  0.365782  0.808628 -0.460786
-nan -nan -nan -nan -nan -nan
-nan -nan -nan -nan -nan -nan
0.0418227  0.686536 -0.725892  0.529993  0.762145 -0.371809
0.0593716  0.695522 -0.716048   0.52658  0.763761 -0.373339
 0.212755  0.734591 -0.644291  0.639578   0.71186 -0.290165
 0.388844 -0.466603  0.794407  0.55559 0.701238 -0.44675
 0.564372 -0.032503  0.824881   0.52083  0.710124 -0.473773
 0.251929 -0.572294  0.780392  0.558182  0.712114 -0.425825
 0.657443  0.729305 -0.189425  0.224006  0.702034 -0.675995
0.798259 0.218137 0.561426  0.067552  0.749231 -0.658855
0.0939203 -0.631195  0.769916  0.576262    0.7321 -0.363253
0.837534 0.388282 0.384413  0.465541  0.744321 -0.478809
0.0880722  0.496916 -0.863318  0.579077  0.633766 -0.512846
 0.845746  0.509276 -0.159221  0.406373  0.660126 -0.631739
0.914099 0.141905 0.379851 0.520842 0.614489 -0.59256
 0.646146 -0.256545  0.718804  0.539477  0.644674 -0.541627
  0.915453   0.392502 -0.0888179  0.409051  0.571045 -0.711748
 0.519208  0.576003 -0.631382  0.101146 -0.492662  0.864323
 0.164013  0.551725 -0.817741  0.626327  0.549588 -0.552872
0.458413 0.567596 -0.68388 0.937989 0.142909 0.315837
  0.956091   0.290499 -0.0387299  0.297299  0.612528 -0.732409
 0.807901 -0.192485  0.556997  0.378305  0.649965 -0.659113
  0.82372    0.4848 -0.294033  0.268967  0.642485 -0.717544
  0.889916 -0.0463179   0.453767  0.376244  0.641247 -0.668762
 0.613057  0.589952 -0.525469 0.270088 0.569584 -0.77629
  0.62665 -0.252341  0.737316  0.551099  0.599303 -0.580626
 0.675282  0.542689 -0.499483 0.241365 0.566767 -0.78773
   0.2714  0.570046 -0.775493  0.614065  0.590011 -0.524225
 0.879174 -0.110713   0.46346  0.280819   0.72636 -0.627329
  0.889568 -0.0797329    0.44979  0.295675  0.700888 -0.649101
 0.941606 0.0560475  0.332018  0.261365  0.740392 -0.619281
0.936223 0.092293 0.339069  0.267082  0.726712 -0.632895
0.955537  0.15509 0.250792  0.248189   0.76941 -0.588566
-nan -nan -nan -nan -nan -nan
 0.274291 -0.601228  0.750526  0.222882  0.782526 -0.581357
 0.919219  0.389502 0.0576528  0.353698  0.778268 -0.518841
 0.902347 0.0695728  0.425358  0.220158  0.807902 -0.546649
  0.787254 -0.0733745   0.612248  0.188504  0.800124 -0.569445
0.911354 0.106339  0.39765  0.264934  0.768001 -0.583082
0.905932  0.12823 0.403541  0.219691   0.80361 -0.553124
 0.432843 -0.559374  0.706929 0.241971 0.766615 -0.59477
0.948382 0.161153 0.273131  0.253242  0.759156 -0.599626
0.0601085 -0.757053  0.650583  0.218432  0.807725 -0.547602
 0.568406 -0.439032  0.695821  0.246486  0.759009 -0.602619
 0.91656 0.237577 0.321676  0.273904  0.759763 -0.589692
0.776069 -0.11214 0.620598  0.197702    0.8042 -0.560514
 0.707086 -0.213384  0.674164  0.388026  0.766308 -0.512062
 0.733719 -0.160771  0.660158  0.356978  0.765126 -0.535863
 0.630827  0.699886 -0.334988  0.244131  0.637496 -0.730752
 0.557919 -0.383535  0.735954  0.551739  0.680693 -0.481914
 0.662728  0.652882 -0.366792  0.260783  0.602154 -0.754588
 0.066271 -0.434185  0.898383  0.546449  0.676767 -0.493336
 0.465208 -0.466625  0.752225  0.435335  0.670212 -0.601082
 0.918574 0.0324821  0.393913  0.298889  0.686194 -0.663176
  0.886136 -0.0646591   0.458892   0.29646  0.718061 -0.629683
  0.916803 -0.0287585   0.398304   0.35884  0.682543 -0.636686
 0.579625 -0.352262   0.73481  0.390086  0.721302 -0.572325
 0.727028  0.640621 -0.247052  0.207382  0.708897 -0.674135
  0.74672  0.598312 -0.290571  0.242709  0.677317 -0.694503
 0.755529 -0.156651   0.63611  0.401256  0.719276 -0.567129
0.740455 0.624139 0.249353  0.420592  0.774602 -0.472328
 0.586374 0.0689041  0.807105  0.428822  0.816902 -0.385724
0.715601 0.527398 0.458003  0.418654  0.815021 -0.400588
   0.5919 0.0822759  0.801801  0.428162  0.816445 -0.387421
-nan -nan -nan -nan -nan -nan
-nan -nan -nan -nan -nan -nan
 0.65606 0.362504 0.661949  0.566501   0.77928 -0.267956
  0.440931 -0.0621919   0.895384  0.467027  0.831141 -0.301813
 0.270263 -0.175261    0.9467  0.636436  0.739902 -0.217934
 0.254695 -0.204793  0.945087  0.675991   0.68449 -0.272965
 0.209758 -0.220682  0.952524  0.634973  0.722873 -0.272516
0.0688944 -0.427688  0.901297 0.646401 0.727507    -0.23
0.723159 0.594053 0.352339  0.485667   0.76428 -0.424269
0.683541 0.670647 0.288105  0.401377  0.790208 -0.463107
 0.495456 0.0560809  0.866821  0.567759  0.778062 -0.268828
 0.479024 0.0608213  0.875692  0.581591  0.775263 -0.246414
0.301236 0.526331 -0.79513  0.722667  0.606921 -0.330756
 0.100343 -0.324022  0.940713  0.706713  0.628502 -0.324872
0.0427407 -0.362069  0.931171   0.74238  0.571696 -0.349335
0.0574511 -0.398975   0.91516  0.717017  0.610774 -0.335918
 0.916149  0.397108 0.0545636  0.643043  0.527222 -0.555457
 0.761442  0.544933 -0.351076  0.188371 -0.318059  0.929169
0.863907 0.106939 0.492168  0.648515  0.555638 -0.520284
 0.779109  0.511089 -0.363011 0.0878977 -0.347402  0.933588
 0.636372 -0.174003  0.751501  0.591016  0.606165 -0.532225
 0.207666   0.60368 -0.769704  0.682345  0.624673 -0.379723
0.942112 0.194879 0.272851  0.565656  0.643096 -0.516198
 0.488024 -0.255586  0.834571  0.613321  0.639795 -0.463141
 0.855758   0.49879 -0.137429  0.575131  0.600709 -0.555314
0.0561866 -0.399731  0.914909  0.748898  0.548038 -0.372566
0.913519 0.276886 0.298023  0.587065  0.584826 -0.559761
   0.906312    0.422555 -0.00678214  0.635218  0.578798 -0.511362
 0.274045 -0.493335  0.825542  0.548505  0.725993 -0.414822
  0.60914 -0.115679  0.784581  0.540623  0.701928 -0.463707
0.819241 0.250894 0.515651  0.505134  0.745394 -0.435002
 0.714083 0.0806836  0.695396  0.525708  0.728302 -0.439553
 0.290936 -0.447342   0.84572  0.559429  0.759264 -0.332502
-nan -nan -nan -nan -nan -nan
 0.098972  0.639025 -0.762792  0.482988  0.783717 -0.390525
0.812664 0.494399 0.308459  0.526584  0.779234 -0.339858
 0.539249 -0.156135  0.827546   0.56692  0.797709 -0.205581
 0.416304 -0.207676   0.88519  0.458543  0.810873 -0.363625
 0.261974 -0.431927  0.863023  0.538875  0.772046 -0.336985
 0.467841 -0.237405  0.851331  0.528148  0.805889 -0.267588
0.0949257  0.709538 -0.698244  0.518323  0.772636 -0.366572
 0.586174 -0.131557  0.799433  0.538047  0.758198 -0.368295
0.0742121  0.716849 -0.693267  0.560857  0.798205 -0.219792
0.0779314 -0.582756  0.808902  0.532657  0.758684 -0.375068
 0.312169 -0.402124  0.860725   0.53494  0.774674 -0.337222
 0.254044 -0.441125  0.860738  0.456815  0.818223 -0.349043
0.181793 -0.49036 0.852349  0.549468  0.779103 -0.301802
 0.324171 -0.333571  0.885236  0.544141  0.776068 -0.318792
0.775485 0.607047 0.173543  0.533192  0.709346 -0.461015
0.0951327 -0.392318  0.914897  0.683105  0.671182 -0.287891
 0.819528  0.567971 0.0760429  0.563196  0.656126 -0.502304
 0.109157 -0.309644  0.944566  0.674965  0.666738 -0.316043
0.0659865  0.660126 -0.748251  0.654868  0.665148 -0.358785
 0.435898 -0.245294  0.865923   0.55498  0.689085 -0.466003
 0.104246 -0.602972  0.790922  0.556012  0.728079 -0.400939
 0.453908 -0.386389  0.802914 0.603388 0.677999 -0.41981
0.0723539 -0.547178  0.833883  0.596804  0.725312 -0.343142
0.813502 0.506819 0.285218  0.510979  0.740077 -0.437248
0.870182 0.436504 0.228575  0.543923   0.69651 -0.467997
0.0868869 -0.562271  0.822376  0.599396  0.728698 -0.331245
0.764295 0.549303 0.337815  0.490728  0.651676 -0.578364
 0.104132  0.516821 -0.849737  0.632802  0.729518 -0.259549
0.0111542  0.339946 -0.940379  0.661074  0.704349 -0.258599
0.752108 0.642098 0.148468  0.368644  0.596741 -0.712743
 0.573897  0.637513 -0.514023  0.260342  0.414514 -0.872009
 0.557259  0.612057 -0.561113 0.463012 0.461117 0.756962
0.778246 0.615002 0.126911 0.213827 0.069673 0.974384
 0.632414  0.650407 -0.420742 0.214169 0.048968 0.975569
 0.774496  0.615959 -0.144053     0.46 0.248047 0.852568
 0.795626  0.575511 -0.189118 0.568205 0.273636 0.776058
0.0021835  0.17909 -0.98383   0.803583   0.587776 -0.0936663
 0.392056  0.410114 -0.823467 0.793097 0.506987 0.337583
0.614246 0.411453 0.673356  0.639625  0.623478 -0.449616
 0.749063  0.657111 0.0843132  0.262858  0.453249 -0.851746
  0.789224   0.613399 -0.0294336 0.311892 0.122363 0.942205
0.699501 0.394974 0.595562  0.573278  0.598279 -0.559835
 0.234866  0.320368 -0.917716  0.868367  0.494659 0.0353731
0.862853 0.484177  0.14511 0.0813825 -0.11079 0.990506
0.850063 0.387286 0.356934 0.639622 0.428288 -0.63832
  0.163209 -0.0776175   0.983534 0.870809 0.480409 0.104396
0.895966 0.416784 0.153417  0.164835  0.213451 -0.962948
-nan -nan -nan -nan -nan -nan
 0.895419  0.443879 0.0345958  0.161984  0.368336 -0.915472
 0.905955  0.417152 0.0723119    0.316337 -0.00454345    0.948636
0.737529 0.081025 0.670438   0.74039  0.572439 -0.352329
 0.131939 -0.410878  0.902093 0.734229 0.622899 -0.27001
0.812848 0.296237 0.501519    0.7109  0.597242 -0.371381
  0.496073 -0.0938258   0.863197  0.744838  0.590191 -0.311274
0.849402 0.396321 0.348491  0.748933  0.515219 -0.416711
0.738843 0.290029 0.608272  0.870989  0.471839 -0.136914
0.908264 0.396174 0.134543  0.761073  0.499878 -0.413389
 0.604529  0.470322 -0.642917 0.887266  0.44074 0.136041
0.00112135  0.550535 -0.834811  0.640286  0.723558 -0.257871
 0.146469  0.555983 -0.818187  0.701457  0.681302 -0.209249
 0.257533 -0.240727  0.935803  0.617482  0.745634 -0.250492
0.0737209  0.447797 -0.891091  0.680689  0.710083 -0.180124
0.688498 0.472972 0.549789  0.539696  0.776184 -0.325986
 0.500285  0.785483 -0.364323  0.606963  0.782229 -0.140406
0.393883   0.7718 -0.49918  0.594731   0.77826 -0.201511
 0.265299  0.661944 -0.701033  0.596021    0.7788 -0.195524
 0.385347  0.752621 -0.533918  0.644729   0.75288 -0.132271
  0.23016  0.659099 -0.715971  0.615231  0.751253 -0.238975
0.748741 0.544528 0.377989  0.515324  0.747513 -0.419124
0.737996 0.49518 0.45843  0.459422  0.735029 -0.498662
  0.19542  0.605429 -0.771535  0.616172  0.749676 -0.241491
0.0508819  0.457056 -0.887981  0.638521  0.751381 -0.166486
0.656551  0.28215 0.699523  0.472675  0.760711 -0.444856
 0.151093  0.622077 -0.768239  0.586792  0.767641 -0.257687
0.00860767  0.413313 -0.910548  0.622832  0.728507 -0.285234
0.753105 0.610933 0.244116  0.422622  0.683376 -0.595305
  0.279464 -0.0441084   0.959142  0.639613  0.692589 -0.333491
0.755798 0.587458 0.289245  0.498786  0.710104 -0.496954
0.757926 0.450708 0.471604  0.689154  0.570106 -0.447265
 0.178171  0.288077 -0.940886  0.83978 0.491569   0.2305
 0.80754 0.425757  0.40818  0.722577  0.539774 -0.431887
0.122638 0.257293 -0.95852   0.838971   0.542347 -0.0445815
0.794481 0.322997  0.51427  0.697242   0.61401 -0.369925
 0.102308  0.482064 -0.870142    0.7204  0.657872 -0.219608
  0.55255 0.0119391  0.833394  0.655279  0.692327 -0.302146
 0.637804 0.0168388  0.770015 0.669856  0.67115 -0.31757
 0.468062 -0.106152  0.877297   0.63323  0.695583 -0.339388
0.563504 0.110948 0.818629 0.669754 0.642007 -0.37317
0.761683 0.272394 0.587912  0.693179  0.614221 -0.377142
0.719218 0.309304 0.622139  0.668068  0.642013 -0.376171
