  0.49946 -0.136104 -0.855579 0.424631 0.744115 0.515734
0.311348 0.719682 0.620581 0.625521 0.772675 0.108151
0.259066 0.733193 0.628739 0.577829 0.793835 0.189577
  0.658622   0.752076 -0.0244631 0.355305 0.731612  0.58181
0.195406 0.731987 0.652695 0.531509 0.810364 0.246594
 0.323297 -0.104059 -0.940559   0.626033   0.779366 -0.0259094
 0.550336  0.214481 -0.806925 0.542112 0.797045 0.266146
 0.578134  0.332915 -0.744935 0.570979 0.805725 0.157448
 0.531493  0.167864 -0.830263 0.535979 0.764392 0.358374
 0.686268  0.432017 -0.585147 0.486721 0.693233 0.531535
  0.508635 0.00974784  -0.860927 0.485228 0.727781 0.484653
 0.422538   0.11031 -0.899607 0.548889 0.728529 0.409837
 0.622855  0.275017 -0.732405 0.417123 0.714476 0.561724
 0.681684  0.722639 -0.114456 0.365722 0.768672 0.524776
 0.438627 0.0991207 -0.893186  0.55593 0.781236 0.283923
  0.35239 -0.291958 -0.889147 0.487811 0.785217 0.381412
  0.437495 -0.0873275   -0.89497 0.692388  0.53295 0.486377
0.0873437 -0.316236 -0.944651 0.666219 0.605068 0.435941
 0.417992 -0.100665 -0.902856  0.70817 0.461513 0.534323
 0.374458 0.0364321 -0.926528 0.680833 0.529118 0.506459
 0.737169  0.106176 -0.667314  0.79766 0.306833 0.519223
0.682983  0.17051 0.710254  0.967628  0.247298 0.0504044
 0.736197  0.233157 -0.635336 0.867299 0.261949 0.423291
 0.952571  0.287262 -0.100442 0.748914 0.223964 0.623673
 0.661192  0.254646 -0.705677 0.847394 0.336857 0.410428
0.0566038 0.0382546 -0.997664 0.864111 0.477006 0.160555
0.0266797 -0.101606 -0.994467 0.824433 0.462188 0.326639
0.0356702 0.0484454  0.998189 0.872671 0.458321 0.168486
 0.810454   0.36403 -0.458963 0.704298 0.428147 0.566264
 0.846536  0.294628 -0.443363 0.705727 0.350897 0.615484
0.692217 0.257339 -0.67425 0.847396 0.334179 0.412607
 0.555681 0.0880248 -0.826723 0.821949 0.371888 0.431392
 0.797725  0.567211 -0.204708 0.433224  0.48276 0.761091
0.799022 0.581564 0.152798 0.0677644 0.0447727 -0.996696
0.798671  0.58001 -0.16035 0.414319 0.347899 0.841015
 0.777307  0.609315 -0.156617 0.295247 0.232334 0.926742
0.763826 0.535515 -0.36027  0.39974  0.37208 0.837714
-nan -nan -nan -nan -nan -nan
-nan -nan -nan -nan -nan -nan
 0.614385  0.664362 -0.425622 0.312167 0.323569 0.893227
 0.150545 -0.188548 -0.970457 0.561533 0.741335 0.367564
   0.241 0.624505 0.742908 0.613228 0.769158 0.179855
 0.686385  0.224014 -0.691877 0.419607 0.614226 0.668323
 0.633365  0.608407 -0.478215 0.354475  0.60823 0.710214
  0.777415   0.621267 -0.0982498 0.369008 0.450035 0.813204
  0.785767   0.617818 -0.0295021 0.325624 0.294387 0.898502
 0.569762  0.584957 -0.577231 0.348678 0.490793 0.798465
 0.783449  0.489406 -0.383001 0.397555 0.498844 0.770133
  0.75956  0.593805 -0.265451 0.397324 0.566405 0.722024
  0.666446   0.739023 -0.0984587 0.349071 0.674913 0.650108
 0.748054   0.53807 -0.388453 0.391263 0.64988 0.65159
0.767624 0.309998 -0.56094 0.379395 0.679212 0.628276
 0.669536  0.402464 -0.624295   0.4737  0.65167 0.592397
 0.119202 -0.126068 -0.984834 0.634044  0.67779 0.372275
 0.166561 -0.095642 -0.981382 0.643165 0.625239 0.442059
  0.432477 -0.0136075  -0.901542 0.532286 0.657125 0.533722
0.506864 0.339328 -0.79243 0.662091 0.545902 0.513446
0.000967008 -0.0114201  -0.999934 0.804989 0.580597 0.122065
 0.737106  0.568175 -0.365857 0.447991 0.462548 0.765084
 0.718234  0.420879 -0.554077 0.585212 0.507281 0.632608
 0.790757  0.589578 -0.164624   0.3993 0.562234 0.724191
 0.741972   0.36888 -0.559826 0.458141 0.669005 0.585268
 0.804569  0.520104 -0.286637 0.501724 0.578568 0.643065
 0.770582  0.602587 -0.207588 0.410576 0.548583 0.728344
0.331599 0.760141 0.558774   0.70292  0.101544 -0.703983
 0.133947 -0.493083 -0.859609  0.59005 0.783186 0.196115
 0.399989 -0.302069 -0.865311 0.459465 0.786445 0.412791
 0.32535 0.770529 0.548118  0.730619  0.175988 -0.659715
 0.343755  -0.36282 -0.866138 0.405558 0.771123 0.490808
 0.218084 -0.506492 -0.834209  0.55624 0.752498 0.352625
0.388826 0.764215 0.514576  0.463009 -0.348674 -0.814892
0.297388 0.762491 0.574602  0.820594  0.206007 -0.533091
0.107304 0.684377 0.721189  0.74177 0.652636 0.154412
0.697881 0.658479 0.281722 0.0211609 -0.633784  -0.77322
0.135654 0.686982   0.7139  0.762146  0.642424 0.0801528
0.057353 0.672498 0.737873 0.709108 0.674056 0.206917
0.058262 0.680295 0.730619 0.645875 0.734059 0.209769
0.0389242 0.668792  0.74243  0.727588  0.685847 0.0151632
0.0577252 0.681431 0.729602 0.691061 0.702239 0.171159
0.142508  0.69899 0.700788  0.801066  0.581823 -0.140627
 0.821318 0.0440903 -0.568764 0.535988 0.579536 0.613886
 0.685525 -0.174233 -0.706894 0.503419 0.623227 0.598463
 0.748396 -0.110814 -0.653929  0.56067 0.480808 0.674147
 0.760533 0.0579408 -0.646709 0.540479 0.584162 0.605506
  0.789168 -0.0477307  -0.612319 0.661293 0.305329 0.685176
  0.982356   0.185518 -0.0236614 0.667498 0.202449 0.716562
 0.607997  0.104436 -0.787041 0.700194 0.292295 0.651377
 0.940114  0.195028 -0.279552 0.654468  0.27475 0.704404
 0.379792 0.0344966 -0.924428 0.684785 0.448537 0.574355
 0.467325  0.131687 -0.874223 0.636823 0.593812 0.491776
 0.621945 0.0853824 -0.778392 0.604922 0.563179 0.562938
 0.515598  0.025943 -0.856438 0.633594 0.564059 0.529524
 0.805242  0.186032 -0.563008 0.568387  0.55061 0.611363
 0.886412  0.199771 -0.417571 0.585133 0.425139 0.690562
 0.593036 0.0318763 -0.804544 0.671769 0.417827 0.611676
 0.747482 0.0532196 -0.662147 0.636947 0.427003 0.641846
0.297874 0.662823 0.686977   0.72833  0.664977 -0.165351
0.107569 0.443045 0.890022 0.677536 0.723836 0.130408
   0.4229 0.0962424 -0.901051 0.575974 0.768777 0.277914
0.445773 0.719867  0.53205  0.714962  0.557106 -0.422447
 0.657989  0.493374 -0.568887 0.520903 0.794826 0.311306
  0.372484 -0.0239076  -0.927731 0.576715 0.805349 0.137159
0.699424 0.541369 -0.46661 0.370638  0.77458 0.512498
0.523406 0.802554 0.286275  0.567498  0.266579 -0.779026
 0.322533 -0.223256 -0.919853 0.517701 0.807666 0.282243
  0.38963 -0.229034 -0.892038 0.575257 0.792294 0.203345
0.441405 0.789543  0.42636  0.636896  0.183837 -0.748711
0.421551 0.790951 0.443499   0.71556  0.396735 -0.574957
 0.632675  0.770782 0.0749496   0.11135  -0.43691 -0.892587
 0.666038  0.732404 -0.141343 0.253408 0.674143 0.693769
0.689206 0.690231  -0.2204 0.0623255 0.589924  0.80505
0.510698 0.797049 0.322338  0.598223  0.230933 -0.767333
 0.032883 -0.584493 -0.810732 0.647934 0.752037 0.120922
0.0109755 -0.608061 -0.793814 0.763314 0.542104 -0.35139
0.0602567 0.660471  0.74843  0.723581  0.690162 0.0103322
0.285435 0.744512 0.603513   0.76906  0.441038 -0.462636
 0.329484 -0.399024 -0.855699 0.552464  0.73333 0.396246
 0.582581  -0.16991 -0.794815 0.550924 0.689273 0.470517
 0.403244 -0.299225 -0.864789 0.549301  0.68138 0.483725
  0.58252 -0.190678 -0.790134 0.499085 0.689861  0.52441
 0.676013  0.136967 -0.724048 0.532096 0.678188 0.506888
 0.519895  0.051791 -0.852659 0.572031 0.693844 0.437448
0.541019 0.740187 0.399277    0.513264 -0.00636707   -0.858207
 0.118583  -0.34091 -0.932587 0.655572 0.696822 0.290973
0.647028 0.729413 0.222061 0.0923488 -0.489173 -0.867284
 0.330622 -0.367364 -0.869329 0.554874 0.738358  0.38333
 0.844931  0.511125 -0.157614 0.351867 0.661785  0.66199
 0.370586  -0.30404 -0.877625 0.550378 0.736898 0.392512
0.468806 0.718522 0.513758  0.837887 -0.358866 -0.411291
 0.612197 -0.558468 -0.559758 0.442232 0.766903  0.46507
 0.558873 -0.560791  -0.61088 0.431658  0.76149 0.483534
 0.489174  -0.66362 -0.565966 0.506852 0.735472 0.449646
 0.825702  -0.37171 -0.424321 0.558162 0.699967 0.445534
 0.268108 -0.729994  -0.62867 0.364161 0.754452 0.546067
0.0853249 0.783762 0.615172 0.893807 0.385315 0.229436
-nan -nan -nan -nan -nan -nan
0.140262 0.768767 0.623959 0.870136 0.406322 0.278867
0.566033 0.646128 0.511981  0.403622 -0.663359 -0.630115
0.601672 0.633326 0.486712  0.519763 -0.616891 -0.591009
0.638754 0.616439 0.460431  0.348917 -0.684468 -0.640125
 0.814207 -0.389034 -0.430951 0.478994 0.714712 0.509658
0.0789956 0.796795 0.599064 0.675397 0.634388  0.37602
0.0359293 0.782199 0.621991 0.847513 0.449785 0.281807
 0.157341 -0.753943  -0.63782 0.635751 0.642715 0.427479
  0.991475   0.126769 -0.0301065 0.324178 0.602266 0.729509
   0.996867 -0.00076464  -0.0790948 0.247428  0.65486 0.714099
  0.994194 -0.0209523  -0.105543 0.357844 0.490599 0.794519
 0.984329  0.124218 -0.125163 0.357957 0.603397 0.712586
  0.960614 -0.0296692  -0.276297 0.470023 0.298619 0.830606
 0.956884 0.0905237 -0.276003 0.461648 0.195917 0.865158
 0.949181  0.153724 -0.274634 0.507947  0.30752 0.804625
 0.900885 0.0257677 -0.433293 0.510376 0.289267  0.80984
 0.858552    0.1172 -0.499151 0.517699  0.48364 0.705748
 0.875692  0.158309 -0.456182 0.484027 0.625773 0.611658
 0.903071 0.0699545 -0.423756  0.44367  0.58656 0.677572
  0.858159 -0.0418646  -0.511674 0.458653 0.587516  0.66668
 0.967551  0.131852 -0.215546 0.400998 0.575113 0.713054
  0.96653  0.242578 0.0835159 0.381259 0.438201 0.814015
 0.715496 -0.158457 -0.680409 0.524434 0.432301 0.733542
 0.925184 0.0254843 -0.378662 0.455609 0.436335 0.775907
0.0817335 0.691731 0.717515 0.764741 0.605613 0.220009
0.0994168 0.682188 0.724387 0.766925 0.608783 0.203003
0.106311 0.695171 0.710939 0.738033 0.647581 0.189596
0.152522 0.700561 0.697102 0.807687 0.573841 0.135456
0.123395  0.72252 0.680249 0.627848  0.72404 0.285611
 0.858633  0.475097 -0.192439 0.0805343 0.710781 0.698788
  0.907591   0.415596 -0.0596522 0.370686 0.760913 0.532545
0.386522  0.76327 0.517707  0.266678 -0.544301 -0.795374
 0.865189  0.496033 0.0734731 0.239915 0.774869 0.584823
0.781783  0.55713 0.280038 0.242389 0.799426 0.549696
0.269256 0.751996 0.601667   0.902963   0.429639 0.00825295
0.433456 0.758112 0.487219   0.67346 -0.386596 -0.630075
0.356243 0.746797 0.561592  0.931601  0.198578 -0.304444
0.202302 0.733699 0.648661 0.785854 0.609214 0.106265
0.500315  0.74874 0.434825  0.879844 0.0130885 -0.475083
0.346565 0.750697 0.562448  0.926123  0.241418 -0.289851
0.323351 0.746433  0.58162  0.954784  0.276899 -0.108232
  0.948256   0.316878 -0.0199868 0.221329 0.802294 0.554381
0.377635 0.741005 0.555251  0.973791 0.0197201  -0.22659
0.357124 0.746952 0.560825  0.975317 0.0703258 -0.209312
0.473836 0.687164 0.550713   0.76249 -0.371631 -0.529622
  0.75862 -0.365747  -0.53919 0.484356 0.674148 0.557606
 0.814933 -0.272043 -0.511738 0.409456 0.687753 0.599451
 0.66662 0.595981 0.447689  0.338917 -0.632479 -0.696495
  0.937444   0.346426 -0.0344719 0.294673 0.697789 0.652884
 0.938379  0.322868 -0.123295 0.308757 0.700115 0.643823
0.240329  0.71191 0.659868  0.899821  0.434348 0.0407939
0.186118 0.694154 0.695349 0.868417 0.482616 0.113728
0.223093 0.717642 0.659712  0.906586   0.41695 0.0652293
0.521824 0.673053 0.524119  0.625431 -0.484689 -0.611484
  0.3612 0.700583 0.615401   0.935461 -0.0316954  -0.352007
0.342779 0.710172 0.614946  0.973008  0.157488 -0.168682
0.555925 0.626822 0.545932   0.819875   -0.56563 -0.0887067
0.625536 0.572486 0.530061 0.387153 0.751506 0.534183
0.639524 0.560599 0.526059 0.0140491 0.905121 0.424922
0.629933 0.599716 0.493482 0.891787 0.240365 0.383328
 0.960208 -0.105925  0.258418 0.377987 0.786696 0.488093
 0.248005 -0.892692  -0.37629 0.279469 0.824347 0.492291
0.867267 0.242611 0.434728   0.42568 -0.857022  -0.29036
 0.943781 0.0438467  0.327652 0.507448 0.705844 0.494248
0.877737 0.211994 0.429693 0.0440191 0.847627 0.528763
0.870749 0.257588 0.418862 0.304605  -0.8119 -0.49803
0.783831 0.373313 0.496233  0.448423 -0.796879 -0.404847
0.679513 0.519651 0.517904  0.561991 -0.740537 -0.368471
 0.51489 0.666723 0.538858   0.882696  -0.468172 -0.0407736
0.892625 0.217704 0.394747 0.128856 0.883216 0.450917
0.862226 0.285834 0.418169  0.138297  -0.88297 -0.448596
0.899855 0.15352 0.40828  0.127541 -0.885867 -0.446064
0.924656 0.162313 0.344479 0.0200253 0.658001  0.75275
   0.963131 -0.00889124    0.268885 0.0830172 -0.724066 -0.684717
  0.978793 -0.0647231   0.194359 0.0218263 0.516518 0.855998
0.952536 0.152231 0.263629 0.0911748   0.6545 0.750544
 0.972327 0.0242938  0.232357  0.17142   0.2795 0.944719
0.722103 0.173098 0.669779  0.151543 -0.174334 -0.972956
  0.989117   0.133375 -0.0621108 0.301094  0.31222 0.901033
 0.736642 -0.161105 -0.656813 0.331082  0.26552 0.905474
 0.979363  0.200924 0.0218794 0.284948 0.500876 0.817268
 0.967654   0.24041 0.0764747 0.286896 0.650708 0.703043
 0.989186  0.139609 0.0449461 0.235607 0.617126 0.750763
 0.995764 0.0800778 0.0451948 0.216714 0.622416 0.752086
0.929848 0.248063 0.271749 0.147648  0.61243 0.776614
0.869823 0.243767 0.428936 0.0451265 0.447617 0.893086
 0.948488 -0.120017 -0.293201 0.310305  0.43963 0.842874
 0.998518 0.0330582  -0.04324 0.184903 0.448393 0.874503
  0.23433 -0.751851 -0.616287 0.704804 0.558348 0.437606
  0.15843 -0.734962 -0.659341 0.677512 0.579693 0.452695
0.514516 0.673527 0.530693  0.528732 -0.648289 -0.547873
0.695593 0.568079 0.439815  0.246626  -0.74662 -0.617846
0.283768 0.758373  0.58681  0.916413 -0.328402  -0.22878
0.792236 0.476488 0.381212 0.113783 0.791562 0.600402
0.746693 0.466492 0.474168 0.00510345 -0.817982 -0.575221
0.216358 0.775969 0.592504 0.980701 0.140936 0.135508
0.792255 0.407451 0.454219 0.0590296 0.827413 0.558483
0.537991 0.613488 0.578098 0.152586 0.826896 0.541258
0.363893 0.743564 0.560976   0.970272   -0.24031 -0.0286809
0.290855 0.781981 0.551279  0.633418  -0.68866 -0.352887
0.525997 0.684063 0.505355   0.37668 -0.756292 -0.534916
0.400604 0.728575 0.555603  0.819941 -0.458656 -0.342538
0.450445 0.710442 0.540714  0.366889 -0.783744 -0.501137
0.496721 0.675913 0.544435  0.423488 -0.750456 -0.507418
0.463569  0.70699 0.534106  0.785813 -0.547952 -0.286785
0.706828 0.533074 0.465002  0.437044 -0.821058 -0.367229
 0.42918 0.719064 0.546581    0.953015   -0.302838 -0.00723784
0.416929 0.718151 0.557162  0.964678 -0.258363 0.0514264
0.440113 0.677662 0.589131   0.937715  -0.337325 -0.0830773
 0.987467 0.0020656  0.157809 0.223154 0.745083 0.628532
  0.996242 -0.0367625   0.078427 0.248289 0.726078  0.64122
0.681599 0.500225  0.53404  0.565666 -0.695969 -0.442322
0.798039 0.455636 0.394372 0.0427391 0.745968 0.664609
0.800067 0.454094 0.392036 0.0520133 -0.741475 -0.668961
0.0855256 0.768648 0.633929 0.877433 0.357503 0.319849
0.700543 0.532735 0.474797  0.310844 -0.708247 -0.633847
 0.54858 0.629155 0.550658  0.687373 -0.594597 -0.417101
0.562119 0.599395 0.569867   0.79174 -0.556702 -0.251458
0.312255 0.710395 0.630742    0.992157   -0.124765 -0.00764998
0.276074 0.736072 0.618046 0.994023 0.010475 0.108667
   0.67254  -0.738094 -0.0539204 0.653623 0.529599 0.540648
   0.64532  -0.763435 -0.0269878 0.130387 0.927318 0.350828
 0.780291 -0.610275  0.136788  0.21312 0.891921  0.39882
  0.533207  -0.842923 -0.0719096 0.478195 0.748104 0.460076
  0.557524  -0.825226 -0.0903765 0.0285404 0.931283 0.363177
 0.735364 -0.670151 -0.100685 0.264798 0.854837 0.446246
0.897561 -0.34868 0.269825  0.069582 -0.916833 -0.393161
  0.608747  -0.792205 -0.0428766 0.291561 0.844659 0.448936
 0.892644 -0.290835  0.344386  0.103133 -0.874438 -0.474048
 0.867094 -0.016235   0.49788  0.621362 -0.751088 -0.223107
0.568624 0.504175  0.64998  0.827366 -0.554293 0.0906876
 0.72321 0.363882 0.586991  0.661311  -0.73503 -0.149662
 0.322527 -0.902742 -0.284663 0.860541  0.15001 0.486792
 0.871276 -0.413009  0.265145 0.362476 0.814336 0.453287
 0.897492 -0.350208  0.268073 0.006904 0.905214 0.424901
 0.899372 -0.275642  0.339341  0.130379 -0.919818  -0.37005
0.833208 0.146973  0.53307  0.422297 -0.679642 -0.599793
  0.898104 -0.0814643   0.432173   0.48273 -0.720162 -0.498336
0.923218 -0.15269 0.352639  0.383351 -0.536301 -0.751947
 0.915758 0.0415913  0.399571  0.272918  -0.68979 -0.670601
  0.883715 -0.0707892   0.462642  0.335139  -0.26595 -0.903854
 0.581586 -0.164229 -0.796735 0.00201587 -0.188929 -0.981989
0.946214 0.187479 0.263687  0.225442 -0.273731 -0.935012
  0.89667 0.0669709  0.437604   0.30068 -0.225413 -0.926704
0.830409 0.264972 0.490113  0.181649 -0.522473 -0.833082
 0.964002 0.0876366  0.251039 0.0936589 0.703175 0.704821
 0.954951 0.0483777  0.292792 0.0881452 -0.673206 -0.734183
  0.953308 -0.0162302   0.301563  0.169896 -0.684291 -0.709141
0.888265 0.137677 0.438212  0.239708 -0.668041 -0.704458
 0.881819 0.0906369  0.462796  0.352804 -0.479218 -0.803666
0.904737 0.097115 0.414753  0.208524 -0.483656 -0.850056
 0.942354 0.0355791  0.332721  0.271815 -0.484952 -0.831227
 0.982329 0.0249485  0.185494  0.246787 -0.847995 -0.469042
  0.96924 0.0699831  0.235957 0.256934 0.761898 0.594556
0.717881 0.47703 0.50704  0.372196 -0.839168 -0.396569
0.928944 0.133321 0.345383  0.172875 -0.866868 -0.467605
0.855934 0.276821 0.436747  0.287856 -0.887612 -0.359561
0.263805 0.821091 0.506178   0.11941 -0.909043 -0.399226
0.430473  0.73142 0.528883  0.261427 -0.910144 -0.321395
0.382363 0.772547 0.506922  0.530844 -0.823911 -0.198431
0.118207 0.881377 0.457385   0.18033 -0.926343  -0.33071
 0.047569 -0.944819 -0.324121   0.548983  -0.834007 -0.0552172
 0.957172 -0.266665  0.112743 0.175572  0.87702 0.447226
0.281157 0.868145 0.408992  0.359235 -0.899091 -0.250172
0.686163 0.585493 0.431714  0.249872 -0.900149 -0.356785
0.682072  0.51798 0.516212  0.406537 -0.860714  -0.30643
0.426829 0.745402 0.512048   0.651489   -0.75309 -0.0917478
0.727852 0.449963  0.51746  0.437335 -0.855187 -0.278195
  0.837648  -0.545917 -0.0178807 0.319585 0.815909 0.481828
0.705203 0.563674 0.430071  0.137579 -0.953848  -0.26692
 0.142587 -0.909748 -0.389908 0.905303 0.133164 0.403353
 0.957645 -0.148912  0.246458 0.157678 0.871723 0.463936
0.129028 0.789348 0.600235  0.917943 -0.374121  0.131962
0.468066 0.572591 0.673092  0.790552 -0.591961 -0.156877
0.218523 0.693936 0.686077   0.903641  -0.427042 -0.0326681
0.749579 0.277521 0.600928  0.601596 -0.727425 -0.330052
  0.903923  -0.421529 -0.0723675 0.283256 0.682018 0.674253
 0.967834 -0.219235  0.123426 0.128891  0.75464 0.643355
 0.503947 -0.780724 -0.369469 0.828342 0.331734 0.451445
   0.98439 -0.0791305   0.157212 0.199408 0.741723 0.640377
0.939401  0.11876 0.321591  0.253766 -0.836963 -0.484867
0.687907  0.44037 0.576939  0.703951  -0.68569 -0.185155
 0.967921 -0.172992  0.182218 0.0295068 0.754946 0.655123
0.0954627 -0.833796 -0.543757  0.962067 -0.123731  0.243143
 0.600039 -0.769459 -0.218831 0.869605   0.1476 0.471171
  0.841703  -0.539349 -0.0252654  0.191448 -0.888811 -0.416368
 0.871519 -0.489139 0.0346068  0.144468 -0.875341 -0.461418
 0.577989 -0.786279  -0.21839 0.677711 0.465616  0.56913
  0.811371  -0.582518 -0.0484698  0.136428 -0.859398  -0.49277
  0.83859 -0.537809 0.0867667 0.0247437 -0.822089 -0.568822
 0.272982  -0.85711 -0.436856 0.884879 -0.42841 0.182903
 0.390637  -0.83877 -0.379299 0.910529 -0.27803 0.305999
 0.876722 -0.445627  0.181038  0.329069 -0.831595 -0.447396
 0.884619 -0.189256  0.426183  0.532997 -0.766612 -0.358078
 0.820302 -0.571652 0.0178684 0.0714468 0.770331 0.633629
 0.838989 -0.541387 0.0547478 0.0454651 -0.802248 -0.595257
 0.674215 -0.725706  -0.13706 0.671263 0.415437 0.613855
 0.755664 -0.652485 -0.056882 0.865085 0.118096 0.487526
 0.551635 -0.796231 -0.248426   0.903039 -0.0883912   0.420365
 0.600092 -0.770036 -0.216641 0.790966 0.261888 0.552981
 0.884108 -0.162224  0.438219  0.539683 -0.641571 -0.545096
 0.879571 -0.286424   0.37989  0.543802 -0.680341  -0.49134
 0.841914 -0.180857  0.508401  0.683752 -0.507684 -0.524157
  0.864456 -0.0298074   0.501825  0.540149 -0.646569 -0.538691
 0.886188 -0.160683   0.43457  0.741148 -0.275172 -0.612356
-nan -nan -nan -nan -nan -nan
 0.833211 0.0511966   0.55058  0.708696 -0.255661 -0.657562
  0.635246 0.00826169   0.772265  0.764001 -0.249087 -0.595196
0.905199 0.109032 0.410763 0.455659 -0.53407 -0.71214
0.810331 0.231237 0.538417  0.511623 -0.700808 -0.497101
 0.961314 -0.127023   0.24442  0.417389 -0.677971 -0.605097
  0.904592 -0.0990677   0.414607  0.487324 -0.678417 -0.549787
 0.929212 -0.277135  0.244461  0.494165 -0.639331 -0.589116
0.658966 0.147489 0.737571  0.731159 -0.430657 -0.529095
 0.956513 -0.279725 0.0826903  0.497733 -0.449425 -0.741808
  0.820517 -0.0208253   0.571242  0.615251 -0.445956 -0.650069
  0.951971 -0.0608867   0.300074  0.106624 -0.865288 -0.489804
0.858724 0.134959 0.494348  0.386469 -0.817505 -0.426998
 0.927306 -0.255881  0.273182  0.227349 -0.885401 -0.405434
 0.894058 -0.364478  0.260415  0.276027   -0.8636 -0.421906
 0.946439 -0.145123  0.288432 0.169616  0.87675 0.450044
  0.92093 0.0818879  0.381028  0.174525 -0.917154 -0.358287
0.854253 0.324717 0.405969  0.275018 -0.907366 -0.317887
 0.82872 0.332813 0.449955  0.291491 -0.906458 -0.305561
   0.80723  -0.587837 -0.0531774  0.153687 -0.917662 -0.366438
 0.837634  -0.54514 -0.034535  0.154366 -0.904281 -0.398054
  0.824381   -0.56517 -0.0312855 0.617386 0.588562 0.521948
  0.801023  -0.598264 -0.0210309  0.937002 0.0465892  0.346202
  0.728419  -0.679298 -0.0892201 0.786081 0.356497 0.504962
0.843084 -0.51897 0.140994  0.114306 -0.897281 -0.426405
0.879683 0.260902 0.397602  0.163266 -0.917533 -0.362598
  0.960914 -0.0254054   0.275678 0.0833153 -0.903296 -0.420849
 0.656441 -0.737883 -0.156886 0.852523   0.1992 0.483243
 0.705778 -0.699594 -0.111557  0.947929 -0.129482  0.290971
 0.581575 -0.782665 -0.221826   0.909645 -0.0129086   0.415187
 0.709687 -0.691494 -0.134837 0.756241 0.398319 0.519077
 0.671493 -0.716613 -0.188581 0.707463 0.323715 0.628255
 0.912163 -0.361779  0.192548  0.244236 -0.777123 -0.580025
 0.897837 -0.412229   0.15478  0.299454 -0.775509 -0.555799
 0.907641 -0.358734  0.217939  0.346744 -0.776177 -0.526611
  0.899616 -0.0229779   0.436077  0.421064  -0.77815 -0.466035
 0.910901 -0.191492  0.365499  0.489639 -0.782682 -0.384269
  0.781148  -0.621031 -0.0642468 0.526567 0.560904 0.638838
  0.928183 -0.0118985   0.371933  0.196925 -0.805647 -0.558707
 0.882387 -0.468588 0.0426531 0.254524 0.748656 0.612153
  0.70497  -0.68985 -0.164694 0.679168 0.393918 0.619322
 0.761209 -0.626811 -0.166338 0.302418 0.639291 0.707001
 0.664271 -0.720006 -0.200837 0.730915 0.322262 0.601591
 0.626887 -0.754353 -0.194844  0.738033 0.0352399  0.673844
 0.859194 -0.497409  0.119878  0.432437  -0.81803 -0.379243
 0.853883 -0.390593  0.343977  0.490678 -0.794629  -0.35749
 0.567536 -0.777307 -0.271471  0.745246 0.0204699  0.666476
  0.723693 -0.0415871   0.688868  0.542675 -0.784498 -0.300112
-nan -nan -nan -nan -nan -nan
 0.515893 -0.782937 -0.347656 0.706341 -0.14679 0.692485
 0.386727 -0.782159 -0.488538 0.791073 -0.45667 0.407009
 0.748609 -0.661334 0.0471437  0.226506  -0.69083 -0.686621
0.0957805 -0.551999 -0.828326    0.73949  -0.672986 -0.0156135
 0.483761 -0.760735 -0.432732  0.806764 -0.477753  0.347684
 0.756773 -0.648787 0.0798178  0.223177 -0.689163 -0.689381
  0.682762  -0.726652 -0.0762371 0.0102872 -0.657911 -0.753025
 0.525787 -0.786844 -0.323148  0.788072 -0.183947  0.587457
  0.59576 -0.765736 -0.242318  0.584632 0.0870151  0.806619
 0.682664 -0.721863 -0.113504 0.0289958 0.654523 0.755486
 0.698187 -0.160418  0.697711  0.733446 -0.588299 -0.340531
 0.566951 -0.121857  0.814688    0.7451 -0.627937 -0.224772
 0.702804 -0.247046  0.667109  0.815497 -0.471839 -0.335161
   0.64486 -0.0223485   0.763974  0.723301  -0.59179 -0.355837
 0.751564 -0.225776   0.61982  0.888295 -0.290435  -0.35578
  0.57641 -0.096697 -0.811419  0.923458 -0.181457 -0.338082
 0.429523 0.0615401  0.900957  0.881387 -0.266178 -0.390265
0.0480334 0.0645927  0.996755  0.933369 -0.266463 -0.240458
  0.865595 -0.0321903   0.499708  0.706609 -0.495551 -0.505107
  0.871197 -0.0489118   0.488492   0.50884 -0.688143 -0.517243
  0.89532 -0.219803  0.387412  0.597852 -0.623622 -0.503654
 0.822369 -0.179706  0.539828  0.673425 -0.617591   -0.4063
 0.793667 -0.232868  0.562019  0.713581 -0.583918 -0.387095
 0.456231 0.0615033  0.887734  0.853044 -0.414615 -0.316875
 0.891888 -0.315746   0.32379  0.754778 -0.427382  -0.49765
  0.673088 -0.0916558   0.733861  0.797503 -0.421512 -0.431643
  0.810833  -0.585228 0.00759876 0.159977 0.704618 0.691318
 0.869709 -0.483544  0.098953 0.0780796 -0.764398 -0.639999
 0.894024 -0.396852   0.20792  0.320345 -0.833277 -0.450587
 0.868756 -0.452324  0.201658  0.347943 -0.809575 -0.472783
 0.320221 -0.853324 -0.411457  0.832058 -0.546594 0.0944192
0.208302 0.706882 0.675965    0.753941   -0.656943 0.000189691
0.741862 0.211255 0.636406  0.603072 -0.780548 -0.164466
0.132452 0.780861 0.610502   0.726793  -0.685369 -0.0451803
 0.920601 -0.178125  0.347512  0.385592 -0.852248 -0.353543
  0.89337 -0.358337   0.27108   0.41887 -0.832326 -0.363017
 0.663591 -0.733317 -0.147962 0.534212 0.472405 0.701036
 0.677231 -0.726338 -0.117438 0.834315 0.025707 0.550689
  0.88509 -0.304312  0.352152  0.438559 -0.824517 -0.357544
  0.864094 -0.0453471   0.501284  0.545886 -0.798631 -0.253371
 0.886292 -0.352328  0.300585 0.462375  -0.8372 -0.29207
 0.895773 -0.348623  0.275776  0.422353 -0.833334 -0.356612
 0.648204 -0.746131 -0.152052 0.683351 0.185545  0.70612
-nan -nan -nan -nan -nan -nan
 0.648098 -0.747165 -0.147355   0.730867 -0.0035825   0.682511
 0.643978 -0.745434 -0.172104 0.668806 0.244635 0.702035
 0.499784 -0.757009 -0.420897  0.828155 -0.424732  0.365736
0.499843 0.142056 0.854387  0.707567     -0.68 -0.192223
 0.833826 -0.401774  0.378566   0.56471 -0.709072 -0.422278
 0.830064 -0.433635  0.350648  0.529537  -0.71043 -0.463551
0.638178 0.108173 0.762251  0.674935  -0.68933 -0.263226
 0.870638 -0.406713   0.27672  0.392132 -0.744385 -0.540484
 0.712611 -0.690367 -0.124812 0.414236 0.442216 0.795521
 0.887432 -0.408982  0.212599  0.275384 -0.741805 -0.611464
  0.749668  -0.656586 -0.0830213 0.295243 0.556214 0.776825
 0.704529 -0.697014 -0.133456 0.425461  0.35072 0.834253
 0.678431  -0.68845 -0.256452 0.628569 0.114811 0.769233
 0.636754 -0.731623 -0.243459  0.700742 0.0264424  0.712925
 0.604736 -0.757969 -0.244495  0.551398 -0.421381  0.719998
  0.640607  -0.764953 -0.0668627  0.292002 -0.690354 -0.661926
0.707708 -0.66537 0.237554  0.618272 -0.763244 -0.187609
  0.646349  -0.762995 0.00843509  0.516412 -0.744673 -0.422825
 0.661416 -0.602965  0.446051  0.585653 -0.745612 -0.317921
 0.564133 -0.630462  0.533171  0.534396 -0.691562 -0.485966
  0.63466 -0.752062  -0.17779  0.164928 -0.351865 -0.921406
 0.627258 -0.747511 -0.218573  0.145867 -0.328917 -0.933025
 0.684758 -0.713204  0.149822   0.41793 -0.557097  -0.71762
 0.579634 -0.645031 -0.497956 0.658849 -0.63839 0.397965
 0.504262  -0.62661 -0.594205  0.667192 -0.667787  0.330024
0.556015 -0.49096 0.670675  0.599411 -0.701294 -0.385868
 0.650267 -0.677003  0.344703  0.546325 -0.719679 -0.428476
  0.656455  -0.751741 -0.0628716  0.309477 -0.566365 -0.763842
 0.668607 -0.743378 0.0187923  0.346171 -0.537739 -0.768767
 0.684424 -0.717838  0.127566  0.453567 -0.665823 -0.592416
  0.205482 -0.0750979   0.975775  0.805613 -0.577548 -0.132009
 0.144235 -0.123584  0.981796   0.776781  -0.628184 -0.0446859
 0.235587 -0.184701  0.954141  0.876127 -0.474691  -0.08408
 0.135357 0.0537864  0.989336  0.805584 -0.577729 -0.131387
 0.252357 -0.151784  0.955656   0.950532  -0.301835 -0.0733746
 0.88363 -0.19685 0.424792  0.936261 -0.184333  -0.29906
   0.457363 -0.00421321     0.88927  0.944797 -0.278834 -0.172078
 0.857925 -0.250739 -0.448436  0.931962 -0.259713  0.252973
 0.486669 0.0678855  0.870945  0.852906  -0.45558 -0.254948
 0.549269 0.0343593  0.834939  0.715262 -0.629916 -0.302665
 0.577351 -0.107658  0.809367  0.770807 -0.579609 -0.264404
 0.467252 -0.097536  0.878728  0.781265 -0.584814 -0.218216
 0.257871 -0.027093  0.965799  0.811045 -0.561173 -0.165198
 0.134918 -0.154184 -0.978787   0.907076  -0.415965 -0.0646988
 0.471724 -0.139325  0.870669  0.883599 -0.414844 -0.217159
 0.129795 0.0114761  0.991474  0.892265 -0.417807 -0.171174
0.760943 -0.64009 0.106069  0.253373 -0.653376 -0.713374
 0.783986 -0.596226  0.172857  0.394181 -0.697865 -0.598001
 0.377229 -0.736127 -0.561975  0.771138 -0.617666  0.154387
 0.755584 -0.647159  0.101379  0.284378 -0.660664 -0.694732
 0.338231 -0.756398 -0.559876  0.771157 -0.574108  0.275166
-nan -nan -nan -nan -nan -nan
-nan -nan -nan -nan -nan -nan
 0.735896 -0.416548  0.533802  0.608022 -0.782005 -0.137031
 0.131711 -0.545814  -0.82749  0.569051 -0.778749 -0.264064
 0.499032 -0.155942  0.852437  0.570458 -0.787566 -0.233062
  0.64398 -0.752079 -0.140241 0.111765 0.383917 0.916579
0.265129 0.233522 0.935507  0.642905 -0.342714  0.684997
  0.24524 -0.668033 -0.702559    0.696428    -0.71761 -0.00488026
 0.508648 -0.769354 -0.386486  0.768513 -0.549254  0.328188
  0.655137  -0.751905 -0.0737271  0.236859 -0.690435 -0.683518
 0.470198 -0.760801 -0.447321  0.745032 -0.633362  0.209237
 0.617447 -0.755968  -0.21742   0.401141 0.00928593   0.915969
-nan -nan -nan -nan -nan -nan
 0.610519 -0.755077  -0.23901   0.51445 -0.288332  0.807593
 0.611913 -0.758997 -0.222453  0.450401 -0.126359  0.883839
 0.601998 -0.696809 -0.389942  0.654692 -0.510647  0.557332
 0.453713 -0.258227  0.852915  0.686422 -0.689092 -0.232331
 0.594613 -0.385708  0.705454  0.675814 -0.682865 -0.277436
 0.298044 -0.446778  -0.84354  0.736177 -0.660312  0.148432
0.0930791 0.253741 0.962783  0.724636 -0.679228 -0.116411
0.0862862 0.312416 0.946018   0.723099  -0.683635 -0.0988484
  0.705459  -0.702283 -0.0955344 0.124484  0.30577 0.943932
 0.783298 -0.572976   0.24113  0.424464 -0.651157 -0.629146
 0.702809 -0.704022 -0.102046  0.13772 0.290012 0.947062
 0.523719 -0.666027 -0.531155  0.713344 -0.609069  0.346663
 0.691557 -0.690251 -0.212843  0.429461 -0.103919  0.897086
 0.669632 -0.711007 -0.214622  0.405105 -0.079586  0.910799
 0.658116 -0.738752 -0.145357  0.112516 -0.424991  0.898177
 0.145194 -0.427267  0.892391  0.614388 -0.784416 -0.084967
0.00356848  0.337171 -0.941436  0.628307 -0.767315 -0.128287
 0.570945 -0.799038  0.188571   0.40013 -0.217444 -0.890289
  0.18181 -0.542587  0.820088  0.640851 -0.751871 -0.154919
0.0286888  0.401086 -0.915591  0.628917  -0.49619 -0.598547
 0.633347 -0.773605 0.0201807 0.000389931  0.429765 -0.902941
 0.548086 -0.798829  0.247941    0.5338 -0.284318  -0.79638
 0.660191 -0.459762 -0.593942  0.459346 -0.739165  0.492582
 0.718678 -0.591118 -0.366172  0.425937 -0.668289  0.609891
 0.694877 -0.609018 -0.382417  0.373113 -0.640078   0.67163
 0.704026 -0.643583 -0.300246  0.340371 -0.622667  0.704581
 0.665408  -0.72065 -0.194668   0.17511 -0.504467  0.845488
 0.316308 -0.680019  0.661456  0.545708 -0.385337 -0.744122
0.600706 -0.78476 0.152654  0.201274  0.189968 -0.960938
 0.656399 -0.746939 -0.105936 0.0924323 -0.469854  0.877892
    0.363772 -0.000152017    -0.931488   0.7895 -0.59503 0.150429
0.0700623 0.304849 -0.94982  0.759287 -0.630296  0.161896
 0.304667  0.165503 -0.937969  0.845426 -0.491333  0.209397
 0.169981  0.114342 -0.978791  0.792345 -0.594579  0.136619
 0.361847 0.0906527 -0.927819  0.927827 -0.319737  0.192107
 0.109963 0.0650079 -0.991807  0.976497 -0.203937  0.069743
  0.178853 -0.0617319  -0.981937    0.9469 -0.299212  0.117696
  0.90161 -0.224514 -0.369719  0.881724 -0.291729  0.370751
0.0361354 0.0718127  0.996763   0.884978  -0.465457 -0.0127898
 0.106454 -0.193619 -0.975284   0.784405   -0.61958 -0.0287983
 0.0705016 -0.0476705  -0.996372  0.814468 -0.578332 0.0466152
0.0280584 0.0471709 -0.998493   0.80961 -0.586532 0.0226511
 0.415662 -0.151353 -0.896838   0.81266 -0.567027  0.134402
 0.694862 -0.216174 -0.685883  0.865331 -0.429842  0.257757
 0.171283 -0.188566  0.967008  0.906958 -0.420594 0.0229934
 0.177454 0.0301183 -0.983668  0.900444 -0.425373  0.090879
 0.683481  -0.72624 0.0736764  0.284389 -0.317072 -0.904759
 0.684008 -0.695246   0.22083  0.495576 -0.555934  -0.66734
  0.673274   -0.73666 -0.0635184  0.116518 -0.227277 -0.966834
  0.68661 -0.720863 0.0944644  0.292244 -0.352988 -0.888815
 0.634007 -0.746421 -0.202214 0.0234907 0.0508535   0.99843
 0.581616 -0.703446 -0.408517  0.580685 -0.696676  0.421247
 0.601151  -0.71211 -0.362654  0.598586 -0.772505  0.211968
 0.605308 -0.759127 -0.239431  0.188145 -0.190764  0.963437
-nan -nan -nan -nan -nan -nan
  0.257419 -0.0906603  -0.962038   0.616081  -0.784415 -0.0716763
 0.648389 -0.751807 -0.119909 0.0180974 0.0853777 -0.996184
  0.615909  -0.781565 -0.0990604 0.0609914 0.0553732 -0.996601
 0.613168 -0.705252 -0.355873 0.386813  -0.4686 0.794223
 0.639214 -0.745725 -0.187879 0.0125363 0.0543527  0.998443
 0.482768 -0.584128  -0.65248  0.560018 -0.739555  0.373413
  0.61439 -0.706019 -0.352223  0.357589 -0.436094  0.825804
 0.652695 -0.741127 -0.157224 0.0697286 -0.214257  0.974285
 0.256962 -0.106265 -0.960561  0.406996 -0.679711  0.610203
 0.658448 -0.740633 -0.133824 0.0666085 -0.312904  0.947446
 0.652732 -0.749508 -0.110356 0.000776434 -0.213182  0.977012
    0.704 -0.680304 -0.203887  0.275329 -0.502036  0.819849
0.00335904  0.259464 -0.965747  0.712908 -0.700682 0.0283955
 0.164336 -0.391356  0.905447  0.720524 -0.693251 -0.015715
0.0142218  0.248857 -0.968436  0.705096 -0.705328 0.0731583
 0.369685  -0.27423 -0.887767  0.706678 -0.699264  0.107866
 0.454474 -0.412101   -0.7897   0.68567 -0.690977  0.228925
  0.68989 -0.719558 0.0792893  0.269562 -0.220321 -0.937441
 0.666866 -0.673649   0.31857  0.519882 -0.484849 -0.703309
 0.693003 -0.714394  -0.09689 0.0437284 -0.148816  0.987898
 0.690945   -0.6488 -0.318833  0.367432 -0.561467  0.741451
 0.707621 -0.705838  0.032637  0.136956 0.0191638 -0.990392
  0.699829  -0.713029 -0.0427729 0.0186307 -0.178771  0.983714
 0.504211 -0.796437  0.333854  0.580963 0.0245855 -0.813559
 0.351668  0.273749 -0.895204  0.543272 -0.797814  0.261436
 0.501548   0.19492 -0.842885  0.598269 -0.779046  0.187514
 0.488396 -0.796261  0.356984   0.625784 -0.0501458  -0.778383
 0.186944  0.514356 -0.836953  0.609456 -0.773127  0.175606
  0.717162 -0.0265998  -0.696398  0.362143 -0.797796  0.482052
 0.105292 -0.716082  0.690029  0.675075 -0.730428  0.103678
0.470717 -0.79457 0.383515  0.517667  0.242141 -0.820602
  0.728979 -0.0142224  -0.684388  0.451309 -0.769955  0.451098
 0.833817 -0.538087 -0.123333  0.297309 -0.714088  0.633787
 0.539494  0.177075 -0.823159   0.56054 -0.752803  0.345083
  0.779575  -0.624427 -0.0485223  0.151084 -0.690301  0.707572
 0.189508 -0.737639  0.648055  0.789831 -0.531871 -0.305419
 0.151022  0.551135 -0.820635  0.784181 -0.543803 -0.298896
 0.136848 -0.732409   0.66697  0.781776 -0.606566 -0.144582
 0.418643 -0.793252  0.442142  0.638944 0.0125309 -0.769151
  0.715042 -0.0583233  -0.696645   0.71617 -0.584145  0.381936
 0.625482 0.0932645 -0.774644  0.685094 -0.615937  0.388932
 0.654533 0.0272965 -0.755541  0.764726 -0.480406  0.429423
 0.738127 -0.157592 -0.655998  0.697665 -0.591041  0.404886
 0.325563  0.126827 -0.936976  0.869763 -0.314621  0.380165
 0.206958 -0.179454  0.961751  0.932221 -0.213029  0.292546
 0.666658 -0.105667 -0.737836  0.865069 -0.329834  0.377975
 0.230018  0.147723 -0.961909 0.896479  -0.3067 0.319783
 0.423808  -0.03393 -0.905116  0.827015 -0.491458  0.272975
  0.426987 -0.0739697  -0.901227  0.741506 -0.633354  0.221432
   0.45191 -0.0022293  -0.892061  0.754434 -0.585472  0.296735
 0.268856  0.219478 -0.937841 0.769289 -0.58792 0.250088
  0.54073 0.0473663 -0.839861  0.748383 -0.569908  0.339306
  0.74639 -0.152378  -0.64783  0.781968 -0.449925  0.431387
 0.230057  0.230698 -0.945438  0.848262 -0.442111   0.29153
  0.624341 -0.0424829  -0.779996  0.814635 -0.444911  0.372055
 0.106858 -0.533796  0.838834   0.691626  -0.721004 -0.0425046
 0.254034 -0.568744  0.782302  0.721781  -0.67818 -0.138217
  0.65824 -0.452292  -0.60179  0.481882 -0.748122  0.456183
 0.674587 -0.436255 -0.595494  0.502006 -0.749916  0.430831
 0.522959 -0.790621  0.318483   0.428187 -0.0383057  -0.902878
 0.637735 -0.474057 -0.607095 0.0282852 0.424939 -0.90478
 0.651005 -0.359714  -0.66843  0.496764 -0.791326  0.356412
  0.51032 -0.788031  0.344356 0.347539 0.073882 -0.93475
 0.432602  0.056048 -0.899841  0.581189 -0.792652   0.18418
 0.720737 -0.401951 -0.564777  0.396943 -0.786352  0.473378
0.538511 -0.79321 0.284295  0.666687 -0.334162 -0.666231
 0.545003 -0.794802  0.266949   0.542485 -0.0843828  -0.835817
  0.70343 -0.550841 -0.449176 0.469599 -0.77995 0.413708
 0.686565 -0.542494 -0.484076   0.43942 -0.765246  0.470435
 0.676141 -0.727369 -0.117335   0.23571 -0.683831  0.690519
 0.604087 -0.783372  0.146315  0.382915 0.0839514 -0.919961
0.309171 -0.73853 0.599155  0.733006 -0.579484 -0.356232
  0.57591 -0.791604  0.204182  0.455255  0.128108 -0.881097
 0.233464 -0.727059  0.645662  0.756055 -0.569075 -0.323316
 0.533836 -0.793727  0.291578  0.604434 -0.103207 -0.789941
 0.453934 -0.748117   0.48401  0.780159 -0.271511  -0.56359
 0.708599 -0.131092 -0.693327  0.621759 -0.701994  0.347304
 0.494199  0.144912 -0.857186  0.642375 -0.689528  0.334523
 0.733845 -0.100536 -0.671836  0.531811 -0.706984  0.466209
  0.554808 -0.0190802  -0.831759  0.650872 -0.694259  0.307198
 0.464574 0.0274565 -0.885108  0.633063 -0.711411  0.305166
  0.14252  0.371813 -0.917302  0.674743 -0.731204  0.100313
 0.228219  0.216116 -0.949321  0.713097 -0.691078  0.117917
0.0609985 -0.538413  0.840471  0.721061 -0.690972 -0.051281
 0.351718 -0.721712  0.596176  0.788316 -0.498728 -0.360317
0.0245679  0.453993 -0.890666  0.742411 -0.661969  0.103069
0.0779023 -0.580793  0.810315   0.734383  -0.678437 -0.0201078
0.0671638  0.637579 -0.767451  0.807942 -0.586802 0.0537848
 0.779412 -0.624644  0.048336  0.266401 -0.797009   0.54204
 0.866067 -0.493266 -0.081344   0.36747 -0.798492   0.47684
0.353395 -0.79724 0.489408   0.846081  -0.530755 -0.0494648
 0.926804  -0.22418 -0.301292  0.595555 -0.739453  0.313884
 0.913225 -0.392908 -0.107903   0.46249 -0.785276  0.411637
 0.520456  0.432423 -0.736299    0.894257   -0.447553 2.94736e-05
 0.553932 -0.754607  0.351749  0.928673 -0.263153 -0.261375
 0.259354  0.559196 -0.787423  0.879712 -0.462615   0.10997
0.00516926   0.58966 -0.807635  0.917224 -0.389755 0.0824034
 0.118109 -0.648703  0.751821  0.878972 -0.476476 0.0194734
0.0359333 0.631086 -0.77488  0.892233 -0.444762 0.0781488
0.00190928 -0.686695  0.726943    0.871031    -0.49122 -0.00280609
 0.321096  0.632458 -0.704907   0.862508  -0.505446 -0.0245576
 0.437384  0.505719 -0.743601 0.823448 -0.54767 0.148292
0.0256536  0.668824 -0.742978   0.872097  -0.489026 -0.0173633
  0.50881  0.160786 -0.845731  0.730884 -0.503613  0.460633
 0.742648  0.168287 -0.648192  0.668711 -0.487245  0.561622
 0.58296 0.195176 -0.78871  0.707073 -0.371286  0.601825
 0.512068  0.271872 -0.814784  0.716606 -0.466217  0.518766
0.604478 0.148653 -0.78263  0.705837 -0.277634    0.6517
 0.475227 -0.253198  0.842645 0.00207944 -0.22547 0.974248
  0.566805 -0.0126674  -0.823754   0.77486 -0.324393  0.542552
 0.472075 -0.286211  0.833804  0.978644 -0.167863  0.118651
 0.757971 -0.135668 -0.638023  0.737292 -0.485678  0.469592
 0.794138 -0.201738 -0.573276  0.662325 -0.622655  0.416685
 0.765327 -0.125091 -0.631369  0.691521 -0.555132  0.462197
 0.718505 0.0607978  -0.69286  0.700669 -0.554911  0.448484
 0.700008 0.0701419 -0.710682  0.69404 -0.51274 0.505377
  0.25439  0.290675 -0.922385  0.760913 -0.354762  0.543282
 0.548363  0.147491 -0.823131  0.769395 -0.409061  0.490612
 0.467523 0.0927176 -0.879105  0.749499 -0.408683  0.520797
 0.391772  0.336285 -0.856404  0.697994 -0.696166  0.167802
 0.248743  0.445057 -0.860262  0.686057 -0.695181  0.214589
  0.671908 0.00140796  -0.740633  0.529513 -0.766541   0.36336
 0.350858  0.415495 -0.839204  0.675576 -0.702907  0.222527
 0.354859  0.418046 -0.836249  0.482247 -0.791143  0.376205
 0.804089 -0.294754 -0.516295 0.153549 -0.74866 0.644927
0.661292 -0.73409 0.154288  0.412161 -0.797249  0.441042
 0.468461 -0.796519  0.382233 0.0137474 -0.689296   0.72435
  0.64949 -0.736131  0.190457  0.217118 -0.779993  0.586917
  0.71935 -0.685457  0.112627  0.246941 -0.789435  0.561972
0.504449 0.280002 -0.81678  0.657197 -0.725717  0.203538
 0.551628 -0.772046  0.315676   0.795362  -0.604926 -0.0382544
  0.789829 -0.0647455    -0.6099  0.593679 -0.746255  0.301078
 0.698838 0.0297945 -0.714659  0.498023 -0.779556  0.379823
 0.366052 -0.794968  0.483768 0.660506 -0.73271 0.163913
0.0178341   0.65759 -0.753165   0.65246 -0.736587  0.178146
  0.55994  0.290218 -0.776042    0.6897 -0.693614  0.207879
 0.443073 -0.790294  0.423228    0.80349  -0.595102 -0.0160655
 0.119777  0.627445 -0.769393   0.79824 -0.596456 0.0839824
0.0252081 -0.664518  0.746847  0.765558 -0.639843 0.0672433
 0.110319  0.571968 -0.812823  0.822121 -0.549399  0.149259
 0.436392  0.401131 -0.805392  0.773426 -0.530242  0.347356
  0.813517 -0.0128407    -0.5814  0.650541 -0.604681  0.459518
0.0450518  0.515896 -0.855466  0.832377 -0.520817  0.189467
 0.734927 0.0715097 -0.674366  0.669455 -0.624444  0.402368
 0.781681 0.0131779 -0.623539  0.624117 -0.672427  0.397893
 0.731844 0.0467892 -0.679864  0.632263 -0.698493  0.335187
 0.686846 -0.029469 -0.726205  0.686845 -0.661448  0.301217
 0.460023  0.262282 -0.848285  0.714414 -0.671098  0.198091
 0.466133  0.309362 -0.828864  0.743213 -0.629465  0.226734
  0.64899 0.0649879 -0.758016  0.716153 -0.611754  0.335978
 0.271423  0.482573 -0.832738  0.771511 -0.607251  0.189782
 0.971785  0.171223 -0.162222  0.136021  0.723738 -0.676536
 0.138576 -0.782078  0.607578  0.849162 -0.472895  0.235148
 0.988829 -0.149057        -0  0.988829 -0.149057        -0
 0.588328  0.589601 -0.553391  0.373194 -0.746419  0.550985
 0.985647 -0.168817         0  0.985647 -0.168817         0
 0.995179 -0.098077        -0  0.995179 -0.098077        -0
 0.857862  0.411599 -0.307668 0.0476986  0.79054 -0.61055
 0.242288 -0.787021  0.567357  0.279058   0.75974 -0.587301
  0.996723  0.0738775 -0.0329439 0.0849492  0.746717 -0.659695
 0.962399  0.227633 -0.148227 0.00541926 -0.69719 0.716866
 0.978324 -0.139579  0.152969  0.218243  0.698989 -0.681017
 0.783659  0.446906 -0.431455  0.270506 -0.686624  0.674814
  0.94953  0.204124 -0.238171 0.0326008  0.729413 -0.683297
 0.666394  0.524326 -0.530096 0.0902527  0.769612 -0.632101
  0.93625 -0.266187  0.229304 0.208816 0.736771 -0.64309
0.392306 0.690936 -0.60721  0.579067 -0.617417  0.532426
 0.995444 0.0880931 -0.036469 0.0300928 -0.553616  0.832228
 0.968585  0.212631 -0.128959 0.000986964 -0.614423  0.788976
  0.979403   0.183752 -0.0836962 0.0213501 -0.500148  0.865676
 0.970169  0.162007 -0.180347 0.125996 -0.54765 0.827167
   0.95586 -0.0204127   0.293114 0.0860623 -0.372768  0.923925
0.461564 -0.26686 0.846017  0.393702  0.271387 -0.878264
  0.992007 -0.0889355  0.0895156  0.228211 -0.320047  0.919505
 0.478814 -0.276916  0.833099  0.592273  0.246105 -0.767232
  0.992471 -0.0731407 -0.0982439  0.315342 -0.412734  0.854523
 0.876587 0.0810166 -0.474374  0.531743 -0.510966  0.675398
   0.999214  -0.0385338 -0.00934967  0.144276 -0.508197   0.84907
 0.743846  0.248892 -0.620279   0.53484 -0.446728  0.717203
   0.999876 -0.00942598  -0.0125871  0.132042 -0.503575  0.853802
 0.967141 -0.070482  0.244274 0.0303664 -0.432034  0.901346
 0.982317 0.0239001 -0.185693   0.33984 -0.380374   0.86013
 0.999632 0.0254093  0.009449  0.163911 -0.424312  0.890557
0.0305693 -0.653652  0.756178  0.983607 -0.141128 -0.112252
 0.127657  0.584578 -0.801231  0.919907 -0.369551  0.131161
  0.28826  0.567448 -0.771303  0.889745 -0.439288   0.12402
0.0856035  0.620081 -0.779854  0.954492 -0.296912 0.0280681
 0.143426  0.650797 -0.745582  0.937079 -0.333734 -0.102488
  0.921955 -0.0111449  -0.387138  0.205343 -0.811077  0.547712
0.852778 0.204436  -0.4806  0.342149 -0.796688   0.49822
0.00773268   0.78129 -0.624121  0.954347 -0.147215 -0.259904
 0.84269 0.262789 -0.46991  0.186646 -0.801594  0.567988
 0.861254  0.273709 -0.428164 0.0154869 -0.785952  0.618094
 0.450981 -0.654926  0.606373  0.848856  0.275944 -0.450885
0.0879125  0.774955 -0.625872   0.90578  0.208913 -0.368671
0.0806624 -0.682353  0.726559   0.976272 -0.0532632  -0.209897
 0.084791  0.652685 -0.752869   0.96128 -0.249565 -0.116871
0.0597255 -0.792899   0.60642  0.936288 0.0477852 -0.347968
0.0976816  0.661817 -0.743275  0.973107 -0.191245 -0.128407
 0.287159 -0.678619   0.67603  0.876438  0.255882 -0.407898
 0.156363  0.765912 -0.623642  0.846405  0.357369 -0.394825
 0.926495 -0.303785  0.222086 0.304139  0.66079 -0.68619
 0.923358 -0.292496  0.248708  0.424871  0.629162 -0.650876
   0.99545  0.0339984 -0.0890145 0.0408648  0.675415 -0.736305
 0.976918  0.152868 -0.149208 0.0559444 -0.642189  0.764502
 0.856268   0.30329 -0.418116  0.303358 -0.586505   0.75099
 0.893588  0.309178 -0.325438  0.154652 -0.632575  0.758902
 0.824799  0.289775 -0.485527  0.379365 -0.567932  0.730435
 0.946496 0.0422806 -0.319934  0.363392 -0.595773  0.716241
 0.124705 -0.649402   0.75015     0.978623 -0.000862029    -0.205661
 0.238996  0.559628 -0.793535  0.901478 -0.344657  0.261819
 0.277323 -0.650598  0.706975 0.882386 0.243667 -0.40252
 0.986899 -0.120554  0.107225  0.191148  0.661537 -0.725142
  0.998636 0.00903209 -0.0514287 0.0188888  0.611002 -0.791403
 0.199216 -0.650968  0.732498 0.916384 0.215879  -0.3371
 0.382228  0.767443 -0.514716  0.611454 -0.501076  0.612411
   0.8733  0.458128 -0.165729 0.0794629 -0.791453  0.606042
 0.944514  0.326673 0.0343385  0.155783 -0.755431  0.636439
0.442592 0.769347 -0.46067  0.339212 -0.688252  0.641283
  0.886579   0.454661 -0.0852101  0.190079 -0.739712   0.64552
   0.83014   0.548983 -0.0973957 0.642276 -0.45591 0.616139
 0.641485  0.687317 -0.340724  0.447187 -0.591435  0.670991
 0.309935  0.791067 -0.527402  0.610131 -0.495205  0.618476
  0.899152   0.436236 -0.0349964 0.0948321 -0.709474  0.698322
 0.852904 -0.111096   0.51011 0.369808 0.724437 -0.58175
  0.898563 -0.0735421   0.432639  0.242593  0.753749 -0.610746
   0.918533    0.395261 -0.00808475 0.0857426 -0.709981  0.698981
 0.792511  0.576494 -0.198952  0.209996 -0.708271  0.673984
0.856816 0.503312   -0.112  0.254739 -0.716976  0.648886
  0.82543  0.541434 -0.159731  0.256962 -0.686304   0.68041
 0.826373  0.537378 -0.168323  0.252706 -0.692825  0.675377
 0.938804 0.0378029   0.34237  0.304008  0.632253 -0.712626
 0.912199 0.0171426  0.409388  0.353556  0.663258 -0.659611
0.954575 0.159178 0.251892  0.296127  0.563463 -0.771245
 0.971194 0.0905842    0.2204  0.166366  0.630995 -0.757739
 0.884886 0.0409485  0.464005  0.249579  0.426503 -0.869371
 0.618256 -0.184319  0.764059 0.295088 0.334565 -0.89498
   0.94637 -0.0326579    0.32143  0.164248  0.391563 -0.905373
0.575382 -0.23832 0.782393  0.331925  0.387358 -0.860104
   0.975167 -0.00151685    0.221466  0.133605  0.510903 -0.849192
 0.994853 0.0624085 0.0798343 0.0989488  0.619164 -0.779002
  0.940051 -0.0405008   0.338621  0.266176   0.61631 -0.741156
 0.981911 0.0388235  0.185319  0.170097   0.60964 -0.774213
 0.975856 0.0832229  0.201936  0.185284  0.614747 -0.766652
  0.945419 0.00693406   0.325782  0.232791  0.523796 -0.819418
  0.945931 -0.0236206   0.323506  0.173268  0.502936 -0.846778
  0.923814 0.00910261   0.382734  0.248069  0.521093 -0.816654
 0.750006  0.532761 -0.391992  0.251837 -0.698554  0.669776
 0.650339  0.559642 -0.513672  0.425407 -0.610904  0.667701
 0.858513  0.396675 -0.324969 0.0794556 -0.744405  0.662984
 0.521102  0.654965 -0.547242  0.456876 -0.632968  0.624993
 0.838859  0.424742 -0.340456  0.166246 -0.780134  0.603119
 0.933337 -0.288255   0.21399  0.101623 -0.806498  0.582437
 0.995277  0.096316 0.0121537  0.102997 -0.809726  0.577698
 0.568737 -0.671366   0.47519   0.13774  0.804841 -0.577286
 0.569305  0.697478 -0.435221 0.0776345 -0.812319  0.578023
  0.956754   0.289738 -0.0259552 0.0825428 -0.798715   0.59602
 0.471181    0.7262 -0.500621  0.457486 -0.655165   0.60122
 0.493372  0.741877 -0.454096  0.326175 -0.735958  0.593275
0.623543 0.647016 -0.43882  0.318516 -0.718377  0.618451
 0.717899  0.557728 -0.416606  0.197849 -0.765284  0.612533
 0.996166 0.0845241 0.0225518  0.111432 -0.808261  0.578184
 0.769362  0.530801 -0.355433  0.235143 -0.754677  0.612511
 0.757103  0.580641 -0.299416   0.21971 -0.727777  0.649668
 0.824816  0.530669 -0.195111  0.219751 -0.757942  0.614193
 0.741198  0.603908 -0.293123  0.263485 -0.701539  0.662132
 0.821615  0.521339 -0.230553  0.205332 -0.731577  0.650103
 0.434421 -0.574098  0.694038  0.622598   0.65798 -0.423596
 0.833196 -0.198497  0.516123  0.355361  0.696856 -0.622985
 0.972349  0.221717 0.0733394 0.0791799  0.682214 -0.726852
0.965053 0.149064 0.215529  0.172402  0.698576 -0.694456
 0.878485  0.421047 -0.225794 0.0976263 -0.655031  0.749269
 0.79104 0.483547 -0.37475  0.224864 -0.643888  0.731331
0.360198 0.713296 -0.60122  0.712625 -0.434971  0.550424
 0.717725   0.54318 -0.435691  0.338316 -0.607019  0.719076
 0.931378  0.349128 -0.103169 0.0763405 -0.717744   0.69211
  0.935155   0.351841 -0.0411502 0.0491504 -0.716029  0.696338
0.976501 0.116467 0.181332 0.159811 0.689197 -0.70673
 0.849965  0.479702 -0.217819   0.16855 -0.688506  0.705373
 0.212633  0.752806 -0.622953 0.879276 0.350837 0.322161
  0.822924 -0.0186234   0.567846  0.478385  0.795885 -0.371099
 0.671089 -0.178161  0.719651  0.456508  0.805228 -0.378427
 0.338556  0.805511 -0.486345 0.850168 0.159425 0.501795
0.825544 0.539332 0.166129  0.145372  0.773923 -0.616368
0.819055 0.433958 0.375271  0.303736 -0.490891   0.81656
0.0209579 -0.648718   0.76074 0.783979 0.611959 0.104326
  0.37719  0.801402 -0.464202 0.805395    0.231 0.545873
 0.122074 -0.570795  0.811967    0.766518    0.642147 -0.00988833
  0.24209 -0.497467  0.833018  0.755738  0.643948 -0.119127
0.00645107 -0.639379  0.768865 0.826444 0.560677   0.0513
0.0914976  0.677746 -0.729582 0.841318 0.531256 0.099756
 0.254843  0.755282 -0.603825 0.870843 0.371799 0.321555
0.849103 0.332245 0.410655 0.143543 0.773865 -0.61687
 0.269566  0.754418 -0.598488 0.842677 0.446765 0.300492
 0.248486  0.756631 -0.604784 0.856719  0.39531 0.331306
 0.662238 -0.157786  0.732492  0.586789  0.626445 -0.513074
  0.670552 -0.0974811    0.73543  0.637147  0.649928 -0.414292
0.840481 0.108985 0.530767   0.53466  0.549849 -0.641721
  0.781576 -0.0664488   0.620261  0.505084  0.636917 -0.582432
 0.758742 0.0106836  0.651304  0.520018  0.425649 -0.740543
0.0841642 -0.277492  0.957034  0.679623  0.342558 -0.648665
 0.940759 0.0245454  0.338185   0.42206  0.433514 -0.796198
0.952154 0.138214 0.272581   0.44795  0.408427 -0.795316
  0.925319 -0.0150774   0.378889  0.296122  0.564748 -0.770306
  0.907843 -0.0351442   0.417835  0.274362  0.663378 -0.696172
0.936445 0.097478    0.337  0.303281  0.636989 -0.708708
  0.853423 -0.0447125   0.519298  0.426351   0.63723 -0.641999
  0.822108 -0.0475085   0.567347   0.46184  0.623192 -0.631138
  0.836758 0.00470173   0.547553  0.503252  0.523877 -0.687234
 0.94846 0.155779 0.275967   0.36554  0.526829 -0.767354
 0.902376 0.0626073  0.426378  0.434576  0.528758 -0.729081
 0.565616  0.701695 -0.433246  0.636166 -0.369367  0.677393
  0.912401   0.408511 -0.0253666 0.0768777 -0.678399   0.73066
 0.946632   0.31085 0.0852114 0.0181223 -0.73122 0.681901
0.609234 0.683983 -0.40125 0.576633 -0.42892 0.695357
 0.254764 -0.681262  0.686278  0.841362  0.528467 -0.113281
   0.6461 -0.445415  0.619807   0.824837   0.557026 -0.0967744
 0.492227 -0.522288  0.696368  0.523746  0.770814 -0.362679
 0.205821  0.804001 -0.557871 0.939221 0.094066 0.330175
 0.716761 -0.301641  0.628703  0.517242  0.777311 -0.358118
  0.833679 0.00612711   0.552215  0.200516  0.801838 -0.562894
 0.290063  0.771374 -0.566433  0.887277 0.0428338  0.459244
 0.267425  0.806217 -0.527729 0.899762 0.120338 0.419461
 0.349981  0.768593 -0.535517   0.855275 -0.0770882   0.512407
 0.299379  0.775239 -0.556216  0.860748 -0.137487  0.490113
   0.6375 -0.413317  0.650202   0.74624  0.648131 -0.151832
 0.304113  0.776254 -0.552219  0.859258 -0.103137  0.501037
 0.317406  0.766174 -0.558777  0.886057 0.0874653  0.455251
0.359698 -0.57209 0.737109 0.872376 0.127257 0.471981
 0.27182 0.760435 -0.58979  0.89188 0.252906 0.374951
 0.234103  0.761449 -0.604475 0.897445 0.216001 0.384624
0.195859  0.70867 -0.67781 0.895396 0.386097 0.221799
 0.469923 -0.375436  0.798887  0.687572  0.661885 -0.298584
 0.836789 0.0161273  0.547288  0.440254  0.703277 -0.558192
    0.235 -0.514604  0.824595  0.783204  0.604521 -0.145412
 0.469499 -0.436638  0.767409 0.647128 0.652558  -0.3942
  0.853567 -0.0656888   0.516825  0.373436  0.707411 -0.600096
 0.459715  0.721456 -0.517845  0.783566 -0.160437  0.600237
0.937102 0.327302 0.121297 0.0432711  0.675424 -0.736159
 0.261279  0.728388 -0.633391 0.914016 0.157314 0.373935
0.0986363  0.688128 -0.718853 0.887043 0.438473 0.144554
 0.300193  0.704199 -0.643419 0.911321  0.18068 0.369932
 0.327336  0.726265 -0.604476 0.897205 0.139281 0.419075
 0.688054  0.724418 0.0424185  0.241064  0.721715 -0.648857
 0.407644 -0.198341   0.89134  0.514504  0.814087 -0.269347
0.532586 0.107965 0.839462  0.411947   0.80785 -0.421519
0.127126 0.695887 -0.70681  0.594282  0.795188 -0.120437
 0.334519 -0.168609  0.927183  0.579775  0.810152 -0.086687
 0.473627 0.0426034  0.879695 0.544664 0.816482 -0.19157
 0.144739 -0.326459  0.934064  0.597064  0.789838 -0.140253
0.637408 0.442642 0.630698 0.494122 0.820613 -0.28712
0.0138831 0.450952 -0.89244  0.637653  0.753678 -0.159276
 0.122231  0.516669 -0.847415   0.723027   0.687934 -0.0630713
 0.511631 0.0252868  0.858833  0.567127  0.751093 -0.337974
0.343565 -0.17877 0.921957  0.594977  0.750666 -0.287233
0.732305 0.516222 0.444122  0.430086  0.776284 -0.460879
 0.398457  0.804378 -0.440691 0.545428 0.130373 0.827956
0.605151 0.267064 0.749979  0.512743  0.788394 -0.339895
0.583292 0.200115 0.787226  0.512288  0.791165 -0.334095
 0.552546 -0.100511    0.8274  0.670816  0.606059 -0.427433
   0.43343 -0.0875913    0.89692   0.68876  0.619743 -0.376201
   0.595017 -0.00673866    0.803685  0.728352  0.501938 -0.466435
 0.502389 -0.127894  0.855131  0.685456   0.60253 -0.408788
   0.58568 -0.0495666   0.809026  0.791794  0.389764 -0.470262
 0.954147  0.259959 -0.148409  0.635855  0.345352 -0.690232
  0.774212 -0.0780528   0.628095  0.726302  0.409679 -0.551949
  0.602765 -0.0899601   0.792831  0.782091  0.377405 -0.495882
 0.590274 -0.219375  0.776821  0.632817  0.543551 -0.551448
 0.669848 -0.156689  0.725777  0.573912  0.659497 -0.485478
 0.666552 -0.114549  0.736605    0.6194  0.621266 -0.479971
  0.662287 -0.0606189   0.746794  0.638918   0.62185 -0.452865
 0.594288 -0.112581  0.796334  0.658648   0.60249 -0.450764
 0.529351 -0.118249  0.840122  0.747257  0.482116 -0.457352
 0.756855 0.0140889  0.653431 0.645873 0.507661  -0.5702
 0.692197 -0.069565  0.718348  0.691628  0.499823 -0.521372
0.547461 -0.23607 0.802844  0.623225  0.738333 -0.257786
0.540372 -0.28673 0.791065   0.67507  0.690432 -0.259971
0.0180291 -0.628467  0.777627  0.774617  0.632351 0.0100206
 0.168823 -0.558758  0.811965  0.717065  0.688339 -0.109576
 0.10699 0.700477 -0.70561 0.779901 0.614811 0.117311
 0.305382 -0.482414  0.820986 0.814915 0.443289 0.373374
 0.246892 -0.463459  0.851029   0.693038   0.720308 -0.0292323
 0.193682   0.74557 -0.637661 0.762564 0.635471 0.121135
 0.332934 -0.367996  0.868179   0.669917   0.740348 -0.0556411
 0.364059 -0.265058  0.892864  0.467113  0.804002 -0.367948
 0.206897  0.741639 -0.638095   0.716988   0.697073 0.00422395
 0.299879  0.786717 -0.539582  0.638248  0.761356 -0.113916
0.0215722  0.681598 -0.731408  0.724446  0.689161 -0.015319
0.0945103 -0.591636  0.800646   0.730371   0.682856 -0.0162913
0.00848755 -0.648491  0.761175  0.717837  0.695589 0.0294211
0.0112665 -0.629583  0.776852   0.724495   0.689121 -0.0148372
 0.244975 -0.471486  0.847165  0.609119  0.766485 -0.203654
0.0987347  0.703429 -0.703875   0.642381   0.764145 -0.0585602
 0.295106 -0.387448  0.873382  0.554203  0.785395 -0.275707
 0.215412 -0.452917  0.865138  0.583017  0.778646 -0.231954
0.786723 0.535288 0.307463  0.440242  0.734219 -0.516827
 0.268139 -0.321642  0.908102     0.655  0.696414 -0.293228
 0.311258 -0.332887  0.890115  0.676002  0.675416 -0.294677
0.00708738 -0.465573  0.884981  0.725019  0.671481 -0.153168
 0.443595 -0.279519  0.851524   0.66416  0.679372 -0.312003
 0.541272 -0.210947  0.813957  0.667444  0.683949 -0.294503
0.394652  -0.3493 0.849847  0.651104  0.724189 -0.227186
 0.465142 -0.300582  0.832642  0.667523   0.68212 -0.298537
  0.29643 -0.409096     0.863  0.650608  0.726926 -0.219746
0.799736 0.468553 0.375341  0.451106  0.751007 -0.482174
  0.610284 -0.0942562   0.786555  0.626035  0.690775 -0.361814
 0.262676 -0.436271  0.860621  0.638714  0.731429 -0.238864
0.693602 0.338581  0.63583  0.509052  0.635892 -0.580092
 0.322406  0.650086 -0.688072 0.743625  0.64452 0.177808
 0.150481  0.446446 -0.882067   0.723732    0.68912 -0.0364074
0.736862 0.607644 0.296316  0.345004  0.562186 -0.751611
-nan -nan -nan -nan -nan -nan
-nan -nan -nan -nan -nan -nan
0.766295 0.576765 0.283079 0.0346551  0.116009 -0.992643
 0.708702  0.661804 -0.244451   0.153921 0.00833436   0.988048
 0.800063  0.597587 0.0527987 0.0280054  0.109728 -0.993567
0.685285 0.562925 -0.46206 0.608996 0.370697 0.701219
0.809249 0.556829 0.187238  0.261103  0.371849 -0.890816
   0.80202   0.589525 -0.0960364   0.156798 0.00782949     0.9876
0.772419 0.561615 0.296577  0.309335   0.41789 -0.854213
0.741853 0.612108  0.27382 0.236792 0.401431 -0.88475
0.792105 0.599207 0.116279 0.0128454 0.107521 -0.99412
0.749503 0.488605 0.446666   0.42239  0.500361 -0.755794
  0.316569 -0.0706416   0.945935  0.855797  0.485442 -0.178768
   0.16064 -0.0355499   0.986373  0.868911  0.494749 -0.014726
0.738225 0.211773  0.64045  0.857157  0.399276 -0.325362
0.0327691  0.199038 -0.979444  0.894846  0.444908 0.0361489
0.720787 0.151302 0.676442   0.91212  0.322006 -0.253671
 0.812602  0.288419 -0.506451 0.955723 0.243088 0.165838
  0.528211 -0.0464991   0.847839   0.89348  0.365606 -0.260818
0.879543 0.215716 0.424111  0.883745  0.320209 -0.341262
  0.46374 -0.100649  0.880235  0.808524  0.489543 -0.326552
 0.343174 -0.246117  0.906454  0.690713  0.624578 -0.364441
0.0142802  0.311277 -0.950212  0.846336  0.510571 -0.151767
0.724451 0.184776   0.6641  0.716918  0.534371 -0.447745
  0.287859 -0.0769748   0.954574  0.854419  0.487936 -0.178568
  0.52822 0.0758756  0.845711  0.908605  0.386488 -0.158315
 0.598957 0.0614699  0.798419  0.850204   0.42695 -0.308005
  0.435322 -0.0420518   0.899292  0.875642  0.419167 -0.239894
 0.592889 0.0651519  0.802644  0.494888  0.730488 -0.470609
 0.543409 0.0193817  0.839244  0.564269   0.72373 -0.397259
 0.146165 -0.454927  0.878451  0.599377  0.769541 -0.220351
0.680522 0.285185 0.674951  0.482813  0.713526 -0.507714
0.0367179 -0.547452  0.836031   0.56002  0.803821 -0.200622
 0.332383  0.799735 -0.499946   0.601317   0.797711 -0.0455569
 0.395967  0.801047 -0.448925 0.710449 0.604717 0.359971
0.682077 0.454091 0.573212   0.41781  0.798972 -0.432525
 0.380051  0.771836 -0.509735 0.718919 0.634582 0.283656
 0.345081  0.720129 -0.601942 0.731174  0.64714 0.215857
0.695718 0.379264 0.610029   0.45742  0.738273 -0.495701
0.652568 0.418242 0.631845  0.426385  0.727286 -0.537821
0.667659 0.386591 0.636222  0.462831  0.726035 -0.508587
0.698009 0.440576 0.564515  0.454986  0.772384 -0.443183
 0.65054 0.389651 0.651897  0.427015  0.770765 -0.472842
0.708657 0.439058 0.552299  0.454348  0.777856 -0.434175
0.657596 0.385933  0.64701  0.463952  0.660962 -0.589812
0.685776 0.501971 0.527008  0.419786  0.665671 -0.616977
0.589114  0.30939 0.746473  0.533993    0.6248 -0.569629
0.686085  0.33532 0.645637  0.468248  0.687097 -0.555556
0.812587 0.548852 0.196123  0.282278  0.391082 -0.875999
0.0807507  0.223884 -0.971265  0.837213   0.54647 0.0211236
 0.14939 0.324683 -0.93395  0.844879  0.534202 0.0284421
 0.383172  0.429273 -0.817865 0.829722 0.494324 0.259241
0.590021 0.195655 0.783323  0.702192  0.589767 -0.398875
 0.240652 -0.184655  0.952884 0.674402 0.665062 -0.32074
0.775459  0.47522 0.415727  0.470593   0.65303 -0.593374
0.686217 0.184034 0.703731  0.580089  0.668499 -0.465409
0.780263 0.460673 0.423048  0.461444  0.655653 -0.597653
0.533339 0.124502 0.836689  0.648468  0.627302 -0.431255
 0.261849 -0.137647  0.955243  0.776528  0.584614 -0.235011
0.651492 0.316622 0.689426  0.585608  0.605452 -0.538972
