 0.732519  0.218584 -0.644699 0.395478 0.743068 0.539859
0.125242 0.613771 0.779487  0.53952 0.789048 0.293806
0.225731 0.721765 0.654294 0.545191 0.800331 0.249475
 0.665199  0.745245 -0.046045 0.360811 0.739671 0.568069
 0.23635 0.758091 0.607813 0.533468 0.808429 0.248706
-nan -nan -nan -nan -nan -nan
 0.514973  0.188597 -0.836202 0.601847  0.79045 0.113881
  0.66396  0.645793 -0.376973 0.566167 0.804832 0.178048
 0.438049 0.0512401  -0.89749 0.582294 0.768463 0.265328
0.635791 0.320577 -0.70214 0.533798 0.712054 0.456114
 0.614643  0.116146 -0.780208 0.499562 0.73924 0.45162
 0.405809 0.0908873 -0.909427 0.580088 0.743017 0.333802
 0.738102  0.492735 -0.460888 0.396269 0.719141 0.570795
  0.64749  0.761492 0.0297828  0.35924 0.777166 0.516681
0.596412 0.400802 -0.69545 0.569047 0.784043 0.247916
 0.389298 -0.296268 -0.872165 0.503308 0.788838 0.352726
 0.563337 0.0136897 -0.826114  0.64998  0.53719 0.537544
 0.034248 -0.345572 -0.937767 0.771613 0.598293 0.216007
  0.528441 -0.0277798  -0.848516 0.696237 0.468638  0.54372
 0.386146 0.0526858 -0.920932 0.703147 0.542711 0.459401
  0.217364 -0.0680215  -0.973718 0.920278 0.275949 0.277382
 0.920734  0.112162 -0.373723   0.51387 0.0743834  0.854637
  0.9181 0.269432 0.290686    0.3038 0.0988328 -0.947596
0.536201 0.165155 0.827776  0.849826  0.221026 -0.478481
  0.933353   0.355992 -0.0460692 0.0695343 0.0363898  0.996916
0.838682 0.464746 0.283945  0.208851  0.128002 -0.969534
0.0832683 0.161725 0.983317  0.882185  0.462289 0.0896597
0.605433 0.336977 0.721039  0.676555  0.327245 -0.659685
  0.883928   0.459343 -0.0876104 0.242035 0.220645 0.944846
 0.874318  0.340657 -0.345717 0.456446 0.245023 0.855348
0.935976 0.351599 0.018115 0.0255384 0.0266977  0.999317
 0.592904  0.109139 -0.797843   0.7583 0.351043 0.549319
 0.793768  0.569685 -0.213051 0.336966  0.40997 0.847572
0.796273 0.592523 0.121925 0.0329404 0.0197903 -0.999261
  0.79469  0.593728 -0.126313 0.237658 0.212819 0.947748
  0.784087   0.615234 -0.0818251  0.13003 0.104134 0.986027
 0.766069  0.528188 -0.366273 0.372795 0.347825 0.860257
 0.219363  0.153476 -0.963496 0.677306 0.691135 0.252169
 0.499896  0.343323 -0.795131 0.676698 0.724166 0.132903
 0.624162  0.682581 -0.380137 0.283546 0.285996 0.915318
0.119942 0.447259 0.886326 0.626151 0.750475 0.211476
0.0583191 0.497086 0.865739 0.564412 0.769605 0.298576
 0.788166  0.413461 -0.455901 0.364222 0.591736  0.71916
 0.666811  0.724381 -0.175028 0.328058 0.583455 0.742939
0.771525 0.618893 -0.14738 0.322595 0.402512 0.856689
  0.786306   0.615192 -0.0571069 0.285669 0.252036 0.924592
  0.64194   0.69763 -0.318159  0.31384 0.446596 0.837888
 0.806156  0.545008 -0.230387 0.331558 0.45597 0.82593
0.753715 0.589077 -0.29138 0.363458 0.543723 0.756481
 0.677309   0.66433 -0.316099 0.366257 0.686668 0.627967
 0.750416  0.571462 -0.332125 0.393287 0.651323 0.648925
 0.691231  0.172778 -0.701675 0.435171 0.694379 0.573118
 0.739097  0.522761 -0.424803 0.424801 0.633874 0.646335
 0.193218 -0.068085 -0.978791 0.650513 0.682962 0.332258
0.0507815 -0.198303 -0.978824 0.706673 0.638315 0.305232
 0.540874 0.0785611 -0.837427  0.56195 0.666489 0.489903
 0.632638  0.449819 -0.630422 0.493428 0.437967 0.751475
0.744889 0.554044  0.37172  0.247635  0.174946 -0.952927
 0.769789  0.609132 -0.190743 0.297586 0.345165 0.890115
 0.763464  0.495314 -0.414471 0.420041 0.416093 0.806494
 0.792632  0.550819 -0.261406 0.364675 0.541295 0.757636
  0.77759  0.471939 -0.415485 0.447355 0.66603 0.59689
 0.805144  0.572482 -0.154945 0.363923 0.504075 0.783242
 0.764449  0.594425 -0.249553 0.374362  0.51503 0.771102
0.322595 0.758511  0.56621  0.773648  0.273153 -0.571713
 0.175115 -0.457967 -0.871551 0.550673 0.791906 0.263901
 0.279845 -0.419444  -0.86357 0.597714 0.770185 0.222606
0.301305 0.765144 0.569007  0.794979  0.505789 -0.334941
0.0805943 -0.572009 -0.816278  0.64033 0.746705 0.180026
0.0363512 -0.616931 -0.786177   0.795639   0.601625 -0.0707533
0.401497 0.765374 0.502994  0.435642 -0.375786 -0.817925
0.289657 0.761783  0.57947  0.808433  0.165042 -0.564976
0.136871 0.69374  0.7071  0.829187  0.558088 -0.031427
0.557117 0.703846 0.440706  0.510407 -0.347681 -0.786513
0.299488  0.72966 0.614738   0.86262  0.362804 -0.352505
0.0587007 0.672355 0.737898  0.779465  0.620553 0.0857229
0.0705444 0.686163 0.724019  0.743605  0.667674 0.0355398
0.0211005 -0.637008 -0.770569   0.81703  0.421806 -0.393117
0.272285 0.746573 0.607033   0.76624 0.0559639 -0.640112
0.139878  0.69784 0.702462  0.820369  0.520386 -0.237052
  0.726889 -0.0550312  -0.684546  0.59925 0.580641  0.55114
 0.313472 -0.430144 -0.846588 0.729555 0.573557 0.372533
 0.901386 0.0610525  -0.42869 0.459284 0.504637 0.731027
 0.742628 0.0288163 -0.669084 0.586425 0.588362 0.556719
   0.77903 -0.0787408  -0.622022 0.654628 0.274119   0.7045
 0.948174 0.0986802 -0.302042 0.462667 0.081995 0.882732
0.00511226 -0.0621553  -0.998053 0.942463 0.297642 0.152227
 0.70647 0.240658  0.66557   0.72583 0.0797503 -0.683235
 0.458178 0.0764344 -0.885568 0.726579 0.467692 0.503336
 0.484284  0.129696 -0.865244 0.640585 0.603481 0.474827
 0.38617 0.519552 0.762193  0.862681  0.409901 -0.296248
0.302343 0.476274 0.825683  0.861916  0.493684 -0.115655
0.552419 0.558132  0.61913  0.798733  0.167739 -0.577831
  0.76276  0.120352 -0.635384  0.63711 0.447032 0.627895
 0.76134 0.435131 0.480647   0.385986 -0.0720689  -0.919685
0.907237 0.383364 0.173071 0.0176002 -0.312686 -0.949693
0.349901 0.686418 0.637494  0.738886  0.606668 -0.293261
0.156634 0.486553 0.859495  0.699195  0.713332 0.0477935
 0.357943 0.0151006 -0.933621 0.611526 0.769386 0.184614
0.408381 0.701547    0.584  0.725092  0.621613 -0.296378
 0.676161  0.582482 -0.451133 0.521673 0.795266 0.308885
-nan -nan -nan -nan -nan -nan
 0.555897   0.14283 -0.818888   0.5701  0.80179 0.179217
0.537506 0.803661 0.255374  0.563915  0.266462 -0.781663
 0.236834 -0.323546 -0.916094 0.557874 0.804495 0.203874
 0.473795 -0.120794 -0.872312 0.536693 0.799457 0.269869
 0.43728 0.789193  0.43123    0.6593  0.233013 -0.714862
0.429816 0.792771 0.432172  0.671126  0.263044 -0.693107
0.488063 0.791594 0.367659   0.65519  0.313317 -0.687429
0.561417 0.797795 0.219848  0.649858  0.480748 -0.588698
0.592528 0.795642 0.125959  0.544245   0.12423 -0.829677
0.501594 0.796646 0.337281  0.656841  0.364362 -0.660152
0.0800074 0.654883 0.751483  0.740317  0.660907 -0.123015
0.0126213 -0.607015  -0.79459  0.762304  0.549416 -0.342102
0.0904667 0.675835  0.73148  0.757908  0.646993 -0.083525
0.285442  0.74473 0.603242  0.767207  0.430675 -0.475303
0.0646442  0.63566 0.769257  0.775649  0.630224 0.0344483
 0.339052 -0.377053 -0.861902 0.665788 0.667432 0.333558
 0.213275  -0.43051 -0.877026 0.695279 0.655153 0.295569
 0.364207 -0.370822 -0.854309 0.648931 0.669448 0.361563
0.394268 0.646575 0.653065  0.826172  0.466294 -0.316243
  0.13693 -0.324897 -0.935784 0.691924 0.690467 0.210944
0.499175 0.733609 0.461131  0.719387  0.343566 -0.603692
0.166633 0.530042 0.831438 0.755922 0.654528 0.013208
0.499972 0.743252 0.444527  0.697899  0.169641 -0.695816
0.0292097 0.606675 0.794413  0.757141  0.651797 0.0435713
 0.52494 0.686404 0.503276  0.707808  0.069462 -0.702982
0.0892775  0.62202 0.777895   0.767098   0.641518 0.00385981
 0.46509 0.719746 0.515419  0.839664  -0.35544 -0.410642
 0.644361 -0.532993 -0.548377 0.430239 0.770556 0.470253
 0.558106 -0.561807 -0.610648 0.441251 0.759384 0.478157
 0.506423 -0.653509  -0.56255 0.510849  0.73426 0.447098
 0.876465 -0.299786 -0.376745 0.513673 0.719381  0.46758
 0.388048 -0.687891 -0.613371 0.270261 0.772545 0.574573
0.0955602 0.783216 0.614362 0.939168 0.30372 0.16037
-nan -nan -nan -nan -nan -nan
0.243415 0.756723 0.606728 0.975152 0.197595  0.10017
0.589281 0.632792 0.502317  0.406273 -0.661237  -0.63064
0.615063 0.626272 0.479042  0.495704 -0.628509 -0.599378
0.657044 0.606083 0.448282  0.318005 -0.693919 -0.646026
 0.803523 -0.400988 -0.439953 0.482652 0.713185 0.508345
0.128629  0.79708 0.590015 0.782742 0.548991 0.293127
0.0486394 0.782486 0.620766 0.896044 0.383044 0.224462
 0.139363  -0.75781 -0.637418 0.676418 0.617401 0.401591
0.837748 0.408205 0.362694  0.316135 -0.545622 -0.776116
  0.991811 -0.0317819  -0.123693 0.320417 0.645322 0.693464
0.992947 0.104344 0.056293 0.119422 0.533519 0.837315
 0.958189  0.273741 0.0833093 0.147839 0.611724 0.777134
 0.999766 0.0182952 0.0115766 0.142792  0.2863 0.94744
 0.739749 0.0715117 -0.669072   0.7594 0.108909 0.641444
 0.947214  0.198037 -0.252125 0.441441  0.26218 0.858133
0.511678 0.246341 0.823105  0.928454 0.0591529 -0.366708
  0.755553 0.00240726  -0.655083 0.611429 0.503468  0.61047
 0.920355  0.300116 -0.250752 0.366581 0.620416 0.693327
0.0033777 0.540326 0.841449 0.897106 0.419452  0.13878
 0.516518 -0.333242  -0.78877   0.6898 0.550414 0.470341
0.416122  0.58035 0.700025   0.94689 0.0436861 -0.318577
0.955314 0.275217 0.107842 0.163861 0.450914 0.877397
  0.96485  0.248105 0.0866483 0.109287 0.444177 0.889248
  0.97159  0.229008 0.0597338 0.0930734 0.446211 0.890075
0.187018 0.712292 0.676508   0.892662   0.449631 -0.0313907
0.0824824  0.67507 0.733128  0.80453 0.577543 0.138479
0.212751 0.720414 0.660106  0.881343  0.451525 -0.139136
0.191556 0.708318 0.679406  0.896476  0.435353 -0.082453
0.122309 0.722284 0.680695 0.702195 0.687592 0.184771
   0.82549   0.559622 -0.0734142  0.034461 -0.665785 -0.745347
0.808042 0.572844 0.137542 0.213554 0.762341 0.610927
0.383266 0.763718 0.519463  0.198411 -0.584532 -0.786737
 0.867078  0.493208 0.0701514 0.236898 0.774621 0.586381
0.851507 0.479981  0.21108 0.425276 0.760969 0.489967
0.305176 0.752212  0.58399   0.94979  0.246283 -0.192985
0.434344 0.758211 0.486273  0.671779 -0.385661 -0.632439
0.438158 0.740969 0.508903  0.697356 -0.277958 -0.660632
0.262977 0.742515 0.616048   0.90119  0.355012 -0.248644
0.517655 0.744158  0.42221  0.432203 -0.524035 -0.733886
0.440885 0.744098 0.501934  0.602561 -0.362188 -0.711154
0.338179 0.745527 0.574303   0.96095  0.138196 -0.239745
 0.976164  0.157767 -0.149043 0.169416 0.804277 0.569594
0.381121 0.740376 0.553705   0.963032 -0.0331389   -0.26734
0.385128 0.742255 0.548392   0.952173 -0.0435854  -0.302434
0.463392 0.690179 0.555807  0.838905 -0.287522 -0.462136
  0.945607 -0.0930086  -0.311733 0.360444 0.699681 0.616869
 0.419759 -0.565602 -0.709857 0.689046   0.5876 0.424195
 0.71117 0.565841 0.417207   0.31543 -0.640654 -0.700047
0.706388 0.604358 0.368468  0.438181 -0.489237 -0.754085
0.314394 0.697153 0.644309  0.944842  0.273789 -0.179758
0.256681 0.713115 0.652366  0.94612 0.297709 -0.12738
0.244902 0.695888 0.675103   0.938306    0.33456 -0.0874776
0.300502 0.718036 0.627792  0.962661  0.196591 -0.186108
0.456356 0.693028 0.558079  0.847474 -0.271915 -0.455907
0.358849 0.697458 0.620306   0.942769 -0.0124491  -0.333214
0.350358 0.709717 0.611188  0.964248 0.0686727 -0.255947
0.502399 0.664992 0.552613  0.916399 -0.397857  0.043851
       0 0.887926 0.459987  0.811909 -0.583784         0
0.645521 0.554196 0.525518 0.00883887 0.905967 0.423257
0.627539 0.601438 0.494435 0.889452 0.244268 0.386276
 0.960225 -0.113509  0.255114 0.373027 0.789313 0.487685
 0.351375 -0.873339 -0.337363 0.393365 0.772261 0.498875
0.876511 0.221675 0.427305  0.393817 -0.866742 -0.306051
 0.944079 0.0413414  0.327117 0.508853 0.704747  0.49437
0.867952 0.232647 0.438788  0.148249 -0.867494 -0.474843
0.879355 0.238838 0.411935  0.319614 -0.809961 -0.491741
0.765542 0.396426 0.506746  0.587391 -0.742249 -0.322548
0.689839 0.509576 0.514251  0.596159  -0.72427 -0.346449
0.506309 0.672459 0.539861  0.919472 -0.392817 0.0163006
0.891833 0.220033 0.395246 0.127266 0.883596 0.450624
 0.86276 0.285102 0.417566  0.168369  -0.88252 -0.439101
0.896698 0.162637 0.411681  0.234273 -0.883254 -0.406175
0.554516 0.503922  0.66225  0.897151  -0.35856 -0.257981
  0.973696 -0.0625378   0.219099 0.0111256 -0.713879 -0.700181
0.900721 0.110971 0.419984  0.426988 -0.549189 -0.718381
 0.74976 0.396046 0.530101  0.572183 -0.574508 -0.585275
 0.947932 0.0110207  0.318282   0.27844 -0.260305 -0.924507
0.943726 0.113118 0.310782     0.3205 0.00366069  -0.947242
 0.97162 0.213819 0.101177 0.104201 0.254366 0.961478
0.154077 0.224267 0.962271  0.998861 0.0445315 0.0171245
  0.98619  0.162246 -0.033251 0.265029 0.523776 0.809579
0.904733 0.356734 0.232807 0.0163391 0.653155 0.757048
  0.99145  0.126759 0.0309713 0.205995 0.626597 0.751627
0.985729  0.13508 0.100462 0.111473 0.636686 0.763024
0.309283 0.596629 0.740525   0.994217 -0.0521641 -0.0938686
0.371648  0.45504 0.809207   0.985779 -0.0457216   -0.16171
 0.97881 0.113098 0.170706 0.0378581 -0.480887 -0.875965
   0.996789 -0.00437976  -0.0799578 0.297859 0.464142 0.834178
0.0287793 0.776177 0.629858 0.863615 0.400118 0.306717
  0.18423 -0.727224 -0.661214 0.692086 0.570028 0.442815
0.517716 0.672845 0.528441  0.564521 -0.628765 -0.534762
0.678655 0.580359 0.450123  0.328304 -0.725907  -0.60438
0.293442 0.755706 0.585491  0.930658 -0.301542 -0.207241
0.909356 0.320044 0.265788 0.213722 0.777532 0.591411
0.773389 0.437564 0.458702 0.0696924 0.809238 0.583332
0.206486 0.778006 0.593355 0.900778  0.33275 0.279064
0.792765 0.406949  0.45378 0.0675634 0.826231 0.559266
0.580463 0.576996 0.574576 0.0105033 0.864011 0.503364
0.365214 0.743125 0.560699   0.993296 -0.0699171  0.0920556
0.291121 0.781989 0.551128  0.788762 -0.562788 -0.247234
0.528932 0.682365 0.504588  0.421873 -0.741519 -0.521702
0.408061 0.726635 0.552709   0.79362 -0.486495 -0.365363
0.468606 0.701968  0.53633  0.479789 -0.745703 -0.462309
0.499092 0.675203 0.543146  0.506265 -0.719353 -0.475633
0.395844 0.737808  0.54676  0.995236 -0.021234 0.0951513
-nan -nan -nan -nan -nan -nan
0.369075 0.747339 0.552511   0.985059 -0.0405428   0.167377
0.383206 0.734948 0.559468  0.982638 -0.103838  0.153756
0.428442 0.683631 0.590835    0.969065    -0.24668 -0.00785728
0.869652 0.309401 0.384677  0.215461 -0.778477 -0.589534
0.0847155 0.753139 0.652384 0.965605 0.137821 0.220482
0.686343 0.493416 0.534297  0.653116 -0.649745 -0.388936
0.704603 0.533931  0.46739  0.435149 -0.664605 -0.607409
0.731702 0.513001 0.448823   0.27776 -0.707395 -0.649955
0.131828  0.76434 0.631193  0.93982 0.250075  0.23281
0.710487 0.524699 0.468935  0.378075 -0.685659 -0.622038
 0.36262 0.712482 0.600729   0.995509 -0.0942524 0.00882126
0.465544 0.657799 0.592088   0.952285  -0.303991 -0.0272605
0.302218 0.710768 0.635195  0.997397 -0.045184 0.0561858
0.283193 0.73473 0.61642   0.994633 0.00722465   0.103211
0.244406 0.829502 0.502188  0.880843 -0.437592  0.180635
 0.939279 0.0416836  0.340614  0.272982 -0.937965 -0.213783
0.767245 0.421806  0.48313  0.226332 -0.948151 -0.223124
0.0746559 -0.950944 -0.300219  0.925348 -0.221425  0.307736
 0.356612 -0.911939 -0.202964  0.237479  -0.93614 -0.259317
  0.755536  -0.649548 -0.0851648 0.309937 0.837243 0.450514
 0.904207 -0.314405  0.289065 0.0536059 -0.915322 -0.399139
  0.538119     -0.838 -0.0904699 0.239741 0.867636 0.435583
 0.893983 -0.275226  0.353618 0.0795813 -0.870639 -0.485444
 0.893352 -0.116905  0.433883  0.520644 -0.791563 -0.319932
0.752406 0.273002 0.599463   0.721317  -0.690056 -0.0593636
0.730131 0.356507 0.582934  0.682603 -0.718753 -0.132085
 0.12314 0.867666 0.481657  0.859153 -0.479254  0.179365
 0.794414 -0.583039  0.170212 0.241733  0.87591 0.417548
 0.892636 -0.372121  0.254416 0.0307058  -0.91185 -0.409373
  0.90298 -0.229069   0.36353  0.305909 -0.911754 -0.274088
0.245546 0.581054  0.77594  0.938005 -0.346251 0.0160202
  0.90034 -0.103876  0.422607  0.427881 -0.727787 -0.535952
  0.887107 -0.0780748   0.454912  0.529791  -0.56095 -0.636126
0.504181 0.463744 0.728521  0.844738 -0.491495 -0.211779
  0.794271 -0.0364778   0.606467  0.683223 -0.246165 -0.687466
  0.92895 0.0249333 -0.369364  0.484564 0.0527537  0.873163
0.891307 0.218935 0.397038  0.357239 -0.210103 -0.910075
 0.216525 -0.185265 -0.958537  0.969968 0.0141178  0.242824
0.879695 0.215419 0.423947  0.329299 -0.538439 -0.775658
0.920808 0.190684 0.340223  0.173141 -0.715414 -0.676909
 0.935741 0.0979032  0.338828  0.231288 -0.674758 -0.700862
  0.964909 -0.0444195   0.258801  0.150905 -0.682249 -0.715376
 0.32184  0.56741 0.757935   0.940906  -0.325634 -0.0930498
0.0533814 0.481771  0.87467  0.992031  -0.10313 0.0723746
 0.901058 0.0589112  0.429678  0.464509 -0.496272 -0.733448
  0.980156 -0.0412831   0.193881 0.0941034 -0.494056 -0.864322
 0.979249 0.0467958  0.197183 0.0354608 0.852597 0.521364
0.947122  0.14495 0.286267 0.0890285 0.801476 0.591363
0.736895 0.455379 0.499616  0.451102 -0.816981 -0.359235
 0.939244 0.0988966  0.328695  0.178886 -0.866496 -0.466031
0.867835 0.252841 0.427708  0.278356 -0.889153 -0.363216
0.181897 0.852662 0.489777  0.109632  -0.90854 -0.403157
0.341928 0.784752 0.516961  0.227468 -0.913532 -0.337222
0.372304 0.778286 0.505629  0.549793 -0.814011 -0.187387
0.163072 0.866193 0.472352  0.104442 -0.924338 -0.367003
0.0128251 -0.940923 -0.338377   0.582178  -0.812439 -0.0318157
  0.815173  -0.575652 -0.0641716 0.425556 0.777689 0.462712
0.297446 0.861827 0.410828  0.410147 -0.882513 -0.230109
0.773656 0.486449 0.405985  0.304442 -0.890115 -0.339131
0.626725 0.574779  0.52616  0.556098 -0.801098 -0.221351
0.411028 0.755442 0.510258  0.789565 -0.613059 0.0273144
0.753318 0.415964 0.509398  0.452893  -0.84993 -0.269272
  0.13221 -0.909114 -0.395009 0.921951 0.169928 0.348038
 0.936482 0.0625765  0.345089    0.2905 -0.934169 -0.207215
0.0391176 0.892598 0.449152  0.944398 -0.214388  0.249298
0.202819 0.857961 0.471982  0.955344 -0.189127  0.227042
0.0650291 0.807275 0.586582  0.938694 -0.261418  0.224753
 0.42842 0.593328 0.681483   0.844371  -0.530577 -0.0743301
0.00369227 0.752781  0.65826  0.961152 -0.188708  0.201435
0.610869 0.426916  0.66677   0.75231 -0.635484  -0.17375
 0.141174 -0.773514 -0.617856  0.959501 -0.024549  0.280634
 0.971408 -0.178939  0.156035 0.0732608 0.767865 0.636408
 0.464252 -0.794635 -0.391184 0.856255 0.28973 0.42765
  0.983402 -0.0519859   0.173832 0.119983 0.761141 0.637392
 0.976035 -0.158502  0.149107 0.166766  0.80384 0.570991
0.030694  0.82028 0.571139 0.947899 -0.21591 0.234244
 0.114942 -0.774395 -0.622174   0.957703 -0.0515084    0.28311
 0.112862 -0.835463 -0.537832   0.959238 -0.0852391   0.269438
 0.606446 -0.765754 -0.214111 0.884884 0.109953 0.452648
  0.841047  -0.540336 -0.0260347  0.157075  -0.89017 -0.427698
 0.878909 -0.474728 0.0463928  0.199351 -0.875398 -0.440383
 0.578942 -0.785724 -0.217861 0.767122 0.350366 0.537371
  0.82943 -0.558052 -0.024996  0.258839 -0.858597 -0.442508
  0.787314  -0.616543 0.00332774 0.196392 0.745512   0.6369
 0.289753 -0.855853 -0.428437  0.888087 -0.417056  0.193304
 0.387463 -0.839695 -0.380507  0.911516 -0.231875  0.339665
 0.88542 -0.41282 0.213568  0.374423 -0.828128 -0.417146
 0.882223 -0.185357   0.43281  0.519388 -0.769258 -0.372126
  0.798668  -0.601551 -0.0163186 0.186133 0.724761 0.663382
 0.838918 -0.541391 0.0557982 0.0467125 -0.802314 -0.595072
 0.660741 -0.735504 -0.149854  0.74377 0.318207 0.587836
  0.766216  -0.641053 -0.0443101 0.881441 0.074197  0.46643
 0.544931 -0.799112  -0.25391  0.904835 -0.105792  0.412409
 0.602483 -0.768597 -0.215114 0.812109 0.224586 0.538553
 0.899147 -0.197107  0.390748  0.432739 -0.653506  -0.62102
 0.892489 -0.343539  0.292307  0.377464 -0.679361 -0.629277
 0.885169 -0.248639   0.39326  0.516039 -0.514794 -0.684609
 0.900825 -0.117857   0.41788  0.436045 -0.662627 -0.608926
 0.882363 -0.224004  0.413834  0.567812 -0.209582 -0.796031
  0.230972 -0.0744832   0.970105   0.992458 -0.0702974  -0.100423
 0.970974 0.0182553  0.238489 0.231595 -0.24602 -0.94119
 0.673981 -0.189151 -0.714123   0.825741 -0.0625626    0.56057
 0.921247 0.0730638  0.382055  0.323502 -0.571443 -0.754188
0.830685 0.199221 0.519879  0.584875 -0.678493 -0.444486
   0.939604   -0.342262 0.000443927 0.247669 0.589747 0.768673
  0.906785 -0.0940626   0.410966  0.503799 -0.679644  -0.53317
 0.703979 -0.602229 -0.376475 0.689899  0.17126 0.703356
 0.933774 -0.139732  0.329457  0.356895 -0.474171 -0.804853
 0.850948 -0.426139  -0.30707 0.485065 0.197187 0.851956
 0.919173 -0.123382   0.37403   0.42657 -0.476224 -0.768927
  0.954646 -0.0979997   0.281155  0.115421 -0.865581 -0.487286
0.863712 0.133958 0.485857  0.427452 -0.806851  -0.40777
 0.927686 -0.263067  0.264943  0.254964 -0.883836 -0.392208
 0.896644 -0.356183   0.26299  0.288393 -0.862995 -0.414813
 0.946286 -0.123451  0.298836 0.175344 0.875177  0.45091
0.340408 0.799557 0.494804   0.687296  -0.722234 -0.0774735
0.784838 0.440055 0.436327  0.155523 -0.919844 -0.360138
0.779613 0.414645 0.469332  0.299429 -0.905028 -0.302105
       0 0.914698 0.404138   0.86512 -0.501564         0
 0.837405 -0.545485  -0.03464  0.154294 -0.904358 -0.397907
  0.838132  -0.545268 -0.0147698 0.566303 0.632567 0.528356
  0.80115 -0.598113 -0.020493  0.936849 0.0467672  0.346593
  0.729298  -0.678846 -0.0853978 0.805161 0.323373 0.497137
 0.853395 -0.496803  0.157809  0.111514 -0.898067 -0.425489
0.553715 0.678806  0.48231 0.0327317 -0.914838 -0.402493
  0.960724 -0.0252886   0.276351  0.069129 -0.903513  -0.42295
 0.657013 -0.737803  -0.15486 0.869014  0.15942 0.468402
 0.707084 -0.698482 -0.110247   0.94791 -0.129931  0.290834
 0.590026 -0.778431 -0.214279   0.914921 -0.0397934   0.401666
 0.717675 -0.684673 -0.127142 0.768365 0.381701 0.513731
 0.664143 -0.721304 -0.196557 0.749689  0.26558 0.606163
 0.918273 -0.328369  0.221243  0.241666 -0.774512 -0.584575
 0.876229 -0.475921 0.0756405 0.0596384 -0.737039 -0.673214
 0.908749 -0.350691  0.226254  0.313435 -0.772801 -0.551849
  0.86924 0.0585048  0.490916  0.519149 -0.753319 -0.403726
 0.912846 -0.186693  0.363122  0.456347 -0.786104 -0.416879
  0.798806  -0.600313 -0.0391572 0.477524 0.597513 0.644165
  0.933243 -0.0301815   0.357977   0.27023 -0.801213 -0.533885
 0.885317 -0.462378 0.0491902 0.261189 0.745126 0.613651
 0.691405 -0.700014 -0.178716 0.752031 0.299831 0.586985
 0.618424 -0.716586 -0.322577 0.772177 0.231719  0.59165
 0.657017 -0.724814 -0.207302 0.785363 0.239924  0.57065
 0.613698 -0.761055 -0.210166   0.766101 -0.0219375   0.642346
 0.858999 -0.497868  0.119366  0.434162 -0.817754 -0.377866
 0.854532 -0.354268  0.379827  0.531664 -0.786317 -0.314704
 0.567944 -0.777215  -0.27088  0.810152 -0.135395   0.57037
 0.792378 -0.215814   0.57058  0.481042 -0.793979 -0.371748
-nan -nan -nan -nan -nan -nan
 0.522488 -0.782541  -0.33858   0.59649 0.0457401  0.801316
 0.405738 -0.785136 -0.467908  0.738455 -0.217863  0.638138
 0.742991 -0.668732 0.0276177  0.177861 -0.671857 -0.719009
 0.011619 -0.495993 -0.868249   0.727489  -0.683911 -0.0550054
 0.483098 -0.760684 -0.433562  0.802027 -0.443453  0.400127
 0.772256 -0.618729  0.144205  0.300089 -0.719485 -0.626329
  0.685363  -0.725245 -0.0655582  0.136212  -0.71687 -0.683772
 0.527513 -0.786535 -0.321081   0.718478 -0.0160074   0.695365
 0.605299 -0.762436 -0.228703 0.419804 0.289684 0.860144
  0.691426   -0.71552 -0.0998103 0.0632024 -0.699442 -0.711889
 0.712375 -0.188924  0.675892  0.670908 -0.597105 -0.439714
 0.758151 -0.353332  0.548055  0.607591  -0.62093 -0.495256
 0.669446 -0.231919   0.70573  0.753913  -0.48693 -0.441037
  0.73664 -0.155694  0.658119  0.647365 -0.603399 -0.465648
  0.71742 -0.246975  0.651392  0.794327 -0.235929 -0.559805
 0.768033 -0.150679  0.622432    0.781303 -0.00263433   -0.624146
  0.859027 -0.0403361   0.510338  0.575235 -0.245653 -0.780231
 0.845874 -0.218823 -0.486429    0.64852 -0.0731489   0.757675
0.907312 -0.11286 0.405028  0.445122 -0.534312 -0.718594
 0.883164 -0.070587  0.463722  0.496258 -0.691706 -0.524662
 0.891448 -0.452979  0.011446 0.109566 0.488581 0.865612
 0.891483 -0.396999  0.218287  0.315904 -0.596468 -0.737856
 0.768038 -0.573959  -0.28406  0.510433 0.0745626  0.856679
 0.800117 -0.157723  0.578737 0.647459 -0.44307 -0.62007
0.885968 -0.43327 -0.16534  0.28813 0.102115 0.952131
 0.777172 -0.154872  0.609933  0.692248 -0.442375 -0.570173
 0.835484 -0.546908  0.053455 0.0426853 0.751361  0.65851
 0.883653 -0.447217  0.138396  0.131825 -0.774651 -0.618497
0.889237 -0.41645  0.18928  0.289153 -0.834674 -0.468732
 0.867403 -0.456788  0.197375  0.334973 -0.809218 -0.482658
 0.286891 -0.854676 -0.432691  0.828028 -0.553985 0.0864333
0.212861 0.705418 0.676074   0.754472  -0.656331 0.00150986
0.759509 0.182061 0.624499  0.604371 -0.779729  -0.16358
 0.21254 0.744496 0.632892   0.726645  -0.685561 -0.0446508
 0.919307 -0.166252    0.3567  0.414914 -0.846172 -0.334423
  0.89199 -0.366693  0.264367  0.412331 -0.833674 -0.367383
 0.658952 -0.736436 -0.153117 0.530151 0.474965 0.702388
 0.682053 -0.722921 -0.110405  0.811331 0.0798269  0.579112
 0.885571 -0.299687  0.354896  0.443523 -0.823384 -0.354014
  0.860535 -0.0295406   0.508534  0.554667 -0.794953 -0.245753
 0.888231 -0.342082  0.306637   0.46697 -0.835919 -0.288408
 0.889955 -0.386056  0.242777  0.387285 -0.839243 -0.381682
 0.641014  -0.75028 -0.161806  0.69805 0.165094 0.696757
-nan -nan -nan -nan -nan -nan
 0.641835 -0.750677 -0.156629  0.743182 -0.022543   0.66871
 0.639368  -0.74829 -0.176837 0.681013 0.226402 0.696394
 0.557579 -0.752153 -0.351243  0.789547 -0.242026  0.563949
  0.82655 -0.395299  0.400692  0.496168 -0.706381 -0.504821
 0.824246 -0.543171  0.159951  0.271624 -0.653801 -0.706233
 0.829918 -0.450156  0.329539   0.46039 -0.700441 -0.545365
 0.650004 -0.697766 -0.301027  0.694719 0.0384072  0.718255
 0.871329 -0.420262  0.253308  0.326542 -0.739961 -0.588071
 0.698671 -0.699865 -0.148485 0.483574  0.38856 0.784333
   0.8825 -0.439972   0.16619    0.1699  -0.72612 -0.666246
 0.709768 -0.689465 -0.144456 0.480186 0.414449  0.77308
 0.704305 -0.697067 -0.134357 0.434263 0.346882 0.831318
 0.672437 -0.690603 -0.266262  0.645306 0.0943883   0.75807
 0.653223 -0.725199 -0.217684 0.623173 0.139223 0.769593
 0.607375 -0.758511 -0.236128  0.509215 -0.356393   0.78338
 0.628838 -0.770905 -0.101331  0.398225 -0.744884 -0.535317
-nan -nan -nan -nan -nan -nan
  0.645788  -0.763479 0.00761867  0.516192 -0.744844 -0.422793
  0.65574 -0.588324   0.47316  0.619351 -0.753688 -0.219906
  0.59055 -0.669352  0.450797  0.563634  -0.71818 -0.408086
 0.632849 -0.751891 -0.184828  0.236303 -0.423653 -0.874459
 0.631939 -0.748915 -0.199449 0.325145 -0.50613 -0.79882
 0.683784 -0.710784  0.164999  0.439199 -0.575409 -0.689934
 0.590747  -0.65093 -0.476768  0.629328 -0.598449  0.495787
 0.482554 -0.608193 -0.630272  0.675278 -0.684655  0.274312
0.552583 -0.48624 0.676921   0.59358 -0.697423 -0.401576
 0.649628 -0.675809  0.348231   0.54532  -0.71897 -0.430938
  0.656841  -0.751688 -0.0593744  0.357602 -0.604048 -0.712213
 0.670384 -0.740456 0.0480659  0.406975 -0.591161 -0.696348
 0.683515 -0.719836  0.121009  0.457734   -0.6682 -0.586505
0.0499138 -0.100433 -0.993691   0.813333  -0.581632 -0.0139441
 0.401828 -0.331163  0.853736   0.73802 -0.595121 -0.318053
 0.168383 -0.143183  0.975267  0.864244 -0.488571 -0.119919
 0.135814 0.0396544   0.98994  0.799469 -0.582097 -0.148364
 0.505505 -0.246673  0.826811   0.91236 -0.243456 -0.329133
0.00496222   0.10911 -0.994017 0.988596 -0.10859 0.104335
  0.686263 -0.0647326   0.724468  0.798061 -0.271414  -0.53799
 0.957676  -0.24885 -0.144675   0.253394 -0.0702878   0.964806
 0.706229 -0.116015  0.698413  0.712937 -0.496679 -0.495006
0.458537 0.112868 0.881479  0.741373 -0.620648  -0.25527
 0.848589 -0.437291  0.297782  0.369058 -0.499266 -0.783919
 0.70746 -0.31538 0.632484  0.664174 -0.572402 -0.480862
 0.802484  -0.56011 -0.205661    0.264554 -0.00770594     0.96434
 0.540376 -0.166662  0.824753  0.810444 -0.426909  -0.40116
 0.893709 -0.424434  0.145394  0.279388 -0.205409  -0.93795
 0.528829 -0.166086  0.832319  0.821054 -0.427668 -0.378114
0.752693 -0.65479 0.068581   0.17393 -0.613939 -0.769953
  0.78672 -0.589103  0.184473  0.375835 -0.692176 -0.616149
  0.701729  -0.708569 -0.0742025 0.0682974 0.518159 0.852553
 0.753329 -0.651409 0.0903408  0.242784 -0.641492 -0.727698
 0.382855 -0.767841 -0.513656 0.776895 -0.49587 0.388004
-nan -nan -nan -nan -nan -nan
-nan -nan -nan -nan -nan -nan
 0.685875 -0.246127  0.684833  0.554435 -0.798082 -0.235939
  0.19611 -0.597036 -0.777875  0.610197 -0.776199 -0.158666
0.00316482 0.447744 0.894156  0.640381 -0.767509 -0.029012
 0.633502 -0.755841  -0.16547 0.247978 0.252778 0.935206
0.0958037 -0.576877 -0.811193  0.702452 -0.675681  0.223642
 0.361751 -0.721896 -0.589917  0.733069 -0.662766   0.15281
  0.60142 -0.762813 -0.237511   0.590758 -0.0487905   0.805372
 0.639358 -0.760601 -0.112726 0.354013 0.200094 0.913585
 0.527315 -0.767873 -0.363745   0.74861 -0.491825  0.444625
 0.620539  -0.75582 -0.208966  0.385942 0.0265049  0.922142
-nan -nan -nan -nan -nan -nan
 0.620416 -0.755774 -0.209499   0.42739 -0.165618  0.888768
 0.617092 -0.758909 -0.207977    0.40148 -0.0592675   0.913948
 0.624794 -0.705824 -0.333834 0.522507 -0.32821 0.786934
 0.651266 -0.499644  0.571146  0.599293 -0.650154 -0.467063
 0.705235 -0.553515  0.443019  0.537368  -0.61646 -0.575511
 0.609121 -0.446755  0.655272  0.628788 -0.664661 -0.403549
 0.175509 -0.468713 -0.865739  0.764716 -0.640328 0.0720404
  0.35571 0.0606858  0.932624  0.682931 -0.695426 -0.223579
  0.703911  -0.703217 -0.0999712 0.121564 0.309333 0.943152
 0.770757 -0.471059  0.428995  0.482444 -0.669622 -0.564672
 0.701231 -0.705097 -0.105417  0.12947 0.296154 0.946325
 0.641791 -0.714388 -0.278845  0.458765 -0.214657   0.86224
 0.693401 -0.689857 -0.208068   0.329398 0.00351623   0.944184
 0.669912 -0.711619   -0.2117      0.33566 -0.000222689     0.941983
  0.650101  -0.757024 -0.0654519  0.072363  0.229981 -0.970501
0.0815275  0.153617 -0.984761  0.579923 -0.801154   0.14779
0.00762938  0.332213 -0.943173  0.628613 -0.766977 -0.128809
0.569469 -0.79897 0.193267  0.402716 -0.219147 -0.888704
 0.182419 -0.543031  0.819659   0.64082 -0.751971 -0.154561
0.0330476  0.396814 -0.917304  0.627796 -0.492574 -0.602697
 0.614354 -0.783961 0.0893003  0.260009  0.141495 -0.955183
 0.544227 -0.798486  0.257365  0.583859 -0.385176 -0.714667
 0.691205 -0.558496 -0.458605  0.339847 -0.678417  0.651348
 0.720272 -0.585981  -0.37126  0.357094 -0.631112  0.688608
 0.703298 -0.671857 -0.232337  0.144784 -0.471866  0.869701
 0.704506 -0.672105 -0.227919  0.135581 -0.468652  0.872916
 0.628385 -0.774051 0.0773141  0.241583 0.0597929 -0.968536
 0.315059 -0.678192  0.663923  0.574304 -0.447087 -0.685775
 0.546251 -0.783324  0.296671  0.473688 -0.180814 -0.861932
 0.636018  -0.77152 0.0154435  0.153154  0.208661 -0.965922
 0.794739 -0.449531 -0.407813  0.391009 -0.490067  0.779067
  0.10956 -0.419724  0.901015   0.811502  -0.577509 -0.0891477
 0.363133  0.120462 -0.923917  0.821237 -0.510222  0.255427
 0.036326  0.211851 -0.976627   0.818979    -0.5714 -0.0526803
 0.442227 0.0933941 -0.892027  0.892557 -0.320557  0.317152
 0.278249 0.0557319 -0.958891  0.974742 -0.115032  0.191432
 0.0427273 0.00789217   0.999056   0.958374  -0.284085 -0.0285388
 0.963806 -0.259332 0.0618481 0.0711873 0.0882509 -0.993551
    0.3107 -0.0993331   0.945303  0.839928 -0.483074 -0.247305
 0.172656 -0.233113    -0.957  0.786172 -0.617637 0.0214094
 0.590682 -0.417366   0.69058  0.687922 -0.496574 -0.529318
 0.123559 -0.153005  0.980471  0.806378 -0.581754 -0.106379
  0.827218  -0.561842 0.00670249 0.0763202 0.0883131 -0.993165
    0.90375   -0.428006 -0.00685521 0.0553433 0.120986 -0.99111
0.769129 -0.43671 0.466609   0.66957 -0.229769 -0.706316
  0.75133 -0.420643  0.508491  0.665225 -0.240648 -0.706799
  0.68116 -0.722994   0.11533  0.355317 -0.392343  -0.84842
 0.681878 -0.687224   0.25053  0.503645 -0.563415 -0.654909
 0.679357 -0.732641 0.0413739  0.332175 -0.447917 -0.830079
 0.686192 -0.720038  0.103374  0.328614 -0.390201 -0.860091
 0.646153 -0.754408 -0.115566  0.285026 -0.399531 -0.871284
 0.574122  -0.69357 -0.435137  0.572297 -0.685289  0.450394
 0.549148 -0.626379 -0.553251  0.620956 -0.782655 0.0431912
 0.608508 -0.763399 -0.216654  0.0140259 -0.0641151  -0.997844
  0.135145 -0.0476248  -0.989681   0.611545  -0.791095 -0.0134788
   0.25433 -0.0864621  -0.963245   0.615662  -0.784814 -0.0709031
  0.648844  -0.758619 -0.0591506  0.207696 -0.139612 -0.968179
  0.614599   -0.78726 -0.0499079  0.196149 -0.120426 -0.973151
 0.635494 -0.733741 -0.240358  0.0295579 -0.0564888   0.997966
 0.649803 -0.752291 -0.108695   0.26548  -0.36711 -0.891488
 0.469151 -0.567068 -0.677002  0.466442 -0.633194  0.617654
 0.634208 -0.731683 -0.249843  0.0238746 -0.0505284   0.998437
  0.652964  -0.754341 -0.0678825   0.177889 -0.0757419  -0.981131
 0.521601 -0.521072 -0.675586  0.405129 -0.325256 -0.854446
  0.652693  -0.755889 -0.0512229  0.135372 0.0838018 -0.987245
  0.649476  -0.758289 -0.0563832  0.148756 0.0393097 -0.988092
 0.702482 -0.702213 -0.115826 0.00161979  0.253297 -0.967387
 0.199495 -0.433625  0.878733  0.731154 -0.651913 -0.201057
 0.404683 -0.573389   0.71236  0.694207 -0.547681 -0.467035
0.238815   -0.464 0.853037  0.729789 -0.640391 -0.239389
 0.514564 -0.438395 -0.736908  0.650974 -0.659223  0.376375
 0.351331 -0.298446  -0.88741  0.704155 -0.699379  0.122618
 0.690364 -0.719953 0.0711714   0.27873 -0.233789 -0.931479
0.539003 -0.54936 0.638498  0.617252 -0.586785 -0.524102
 0.689364 -0.724065 0.0225323  0.220472 -0.131163 -0.966534
  0.697465  -0.710743 -0.0915799 0.0333237   0.19658 -0.979921
 0.710324 -0.703561 0.0209899   0.167948 -0.0134613  -0.985704
  0.697941  -0.715889 -0.0195304   0.13515 0.0203934 -0.990615
 0.505761 -0.796561  0.331204  0.486726  0.158714 -0.859016
 0.617582 -0.107893 -0.779071  0.377676 -0.784805  0.491367
 0.730118 -0.203939 -0.652178 0.397901 -0.79764 0.453261
 0.494238 -0.796405  0.348524  0.512482  0.124099 -0.849683
        0 -0.645461  0.763793 0.697525 -0.71656        0
 0.584812  0.184857 -0.789825  0.812206 -0.304825 -0.497397
 0.308845 -0.780069  0.544158      0.69074 -0.000759148    -0.723103
 0.449518 -0.795534  0.406274  0.521285  0.242345 -0.818249
  0.748852 -0.0490045  -0.660923  0.371927 -0.766969  0.522904
  0.821991  -0.564253 -0.0771297  0.194168 -0.686745  0.700486
 0.816577 -0.535491 -0.215525  0.134465 -0.679101  0.721624
 0.750103 -0.660682 0.0290602  0.046837 -0.645084  0.762675
  0.43233 -0.794125  0.427149   0.45175  0.268054 -0.850922
 0.397409  0.329632 -0.856393  0.561314  0.128533 -0.817561
 0.384576 -0.791916  0.474311  0.334609  0.440493 -0.833068
 0.432543 -0.794154   0.42688  0.451172  0.268808 -0.850991
 0.781413 -0.147418 -0.606351  0.560776 -0.598873  0.571736
 0.633893 0.0753218 -0.769744  0.652253 -0.624356  0.429821
  0.693878 0.00180428   -0.72009  0.706496 -0.496269  0.504559
 0.727578 -0.139986 -0.671591   0.60629 -0.597879  0.524359
 0.582848 0.0562355 -0.810633  0.782339 -0.312039  0.539052
 0.260846 -0.104335  0.959726   0.98721 -0.091551 -0.130519
 0.692909 -0.132454 -0.708754  0.804258 -0.304189  0.510527
 0.965549 -0.249593 0.0736039  0.171033  0.151903 -0.973485
 0.326117 0.0323655 -0.944775  0.845775 -0.499523   0.18746
 0.554488 -0.191267 -0.809913  0.675151 -0.631283  0.381645
 0.491578 -0.028318 -0.870373  0.729138 -0.593109  0.341437
0.186996 0.271039 -0.94423   0.80558 -0.574761  0.143845
 0.814173 -0.551414  0.181839  0.222165  0.272773 -0.936076
 0.722259 -0.123549 -0.680498  0.720142 -0.459819  0.519579
 0.373145  0.174359 -0.911242  0.828675 -0.458762  0.320681
 0.581759 -0.016344 -0.813197  0.794374 -0.457409  0.399684
 0.467211 -0.741798  0.481092  0.658075 -0.383463 -0.647991
 0.37357 -0.64194 0.669596  0.717817 -0.572077  -0.39682
 0.695228 -0.570418 -0.437357   0.32986 -0.673966  0.661031
 0.709387 -0.550072 -0.440671  0.362042 -0.692809  0.623651
 0.518648 -0.790063   0.32681   0.49716 -0.146138 -0.855263
 0.636374  -0.47057 -0.611221 0.0325275  0.420517 -0.906702
 0.693187 -0.495484 -0.523438  0.362613 -0.751495  0.551151
 0.509824 -0.788028  0.345097  0.368606  0.044937 -0.928499
 0.622032 -0.267128 -0.736015  0.389996 -0.769868   0.50518
 0.720888 -0.402459 -0.564222  0.396924 -0.786489  0.473166
 0.547017 -0.793147  0.267752   0.527503 -0.0605371  -0.847393
 0.557079 -0.793908  0.243667  0.220634  0.335339 -0.915897
 0.700073 -0.678004 -0.224072 0.228349 -0.67078 0.705628
  0.68844 -0.696933 -0.200833   0.14135 -0.590578  0.794505
  0.667692  -0.740246 -0.0788861  0.077206  0.436589 -0.896342
 0.615295 -0.779627  0.116592  0.260924  0.234848 -0.936358
 0.648375 -0.759065 0.0585564  0.246091  0.329191 -0.911632
 0.577044 -0.791402  0.201751  0.453328  0.130836 -0.881689
 0.612552 -0.774044  0.160111  0.329955  0.306318 -0.892916
 0.544583 -0.792901  0.273381  0.492086  0.075309 -0.867283
 0.579646 -0.745439  0.329138  0.386923  0.298973 -0.872299
 0.787267 -0.288987   -0.5447   0.46166 -0.696373  0.549486
 0.759131 -0.640785  0.114522 0.0941816  0.457938 -0.883981
  0.75163 -0.125545 -0.647527  0.451664 -0.701436   0.55135
 0.685999 -0.192755 -0.701606  0.538764 -0.690466  0.482692
 0.456983 0.0370314 -0.888704  0.622092 -0.710183  0.329609
 0.52824 -0.75063 0.396885  0.580349 -0.127626 -0.804305
 0.237081  0.206752 -0.949234  0.716579 -0.688287  0.113029
 0.518277 -0.750263  0.410481  0.600746 -0.152996 -0.784663
0.548933  -0.7529 0.363063  0.505897 0.0916436 -0.857712
 0.557133 -0.693224  0.457213  0.658825 -0.149236 -0.737346
 0.663639 -0.729399  0.166013  0.228178  0.350691 -0.908268
 0.153977 -0.712226  0.684854   0.853636  -0.518263 -0.0520539
 0.781244   -0.6227 0.0436087  0.273687 -0.796785  0.538729
  0.841779  -0.539223 -0.0254291  0.256922 -0.797977  0.545183
 0.340383 -0.796794  0.499258   0.852486  -0.519466 -0.0585089
  0.92548 -0.173258 -0.336852  0.588364 -0.742621  0.319909
 0.926715 -0.346076 -0.146391  0.415714 -0.794218  0.443171
 0.505975   0.45501 -0.732772  0.910758 -0.411442 -0.035143
 0.503949 -0.769783  0.391752   0.93283 -0.245477 -0.263758
0.0247644  0.639383 -0.768489   0.942876  -0.321653 -0.0867447
 0.370986 -0.632886  0.679577  0.940614 -0.096824 -0.325378
 0.351414 -0.683803  0.639469  0.923027 -0.281436 -0.262325
  0.14085 -0.669435  0.729396  0.948768 -0.282369 -0.141802
0.0692947  0.662604 -0.745758   0.884228  -0.465358 -0.0397761
 0.416731 -0.788959  0.451529  0.910226 -0.380346 -0.163786
0.0781015   0.67106 -0.737278   0.915446  -0.399487 -0.0486756
 0.124296 -0.705832  0.697389  0.901594 -0.413586 -0.126785
 0.102977 -0.437683  0.893213  0.934803 -0.321474 -0.150987
 0.208766 -0.518888  0.828959  0.965484 -0.125576  -0.22819
 0.320312 -0.402872  0.857377   0.949811 -0.0644555   -0.30611
 0.429767 -0.506254  0.747668  0.927862 -0.073606 -0.365589
 0.628849 -0.271395  0.728624  0.761625  0.087178 -0.642128
 0.310579 -0.141534  0.939952   0.985735 -0.0458069  -0.161952
0.615704 -0.04061 -0.78693  0.786257 -0.309671    0.5347
 0.577933 -0.265971  0.771526  0.814872  0.039817 -0.578271
 0.781615 -0.154567 -0.604306  0.641314 -0.491894   0.58886
 0.875391 -0.433384 -0.214169  0.338859 -0.588115  0.734367
 0.767178 -0.119691 -0.630168  0.606749 -0.562122  0.562027
 0.728198 0.0499344 -0.683545   0.67169 -0.565369  0.478738
 0.687763 0.0922939 -0.720044  0.692405 -0.516308  0.503985
 0.424655 -0.392026  0.816078   0.924348 -0.0492683  -0.378355
 0.603336  0.136808 -0.785665  0.736065 -0.416829  0.533349
0.192153 0.218286 -0.95678 0.927881 -0.35202 0.122956
 0.619866 0.0716313 -0.781432  0.59693 -0.73603 0.319273
 0.302022  0.402084 -0.864356  0.656391 -0.707551  0.261768
  0.699362 -0.0349224  -0.713914  0.463483 -0.769709  0.439012
0.582359 0.200142 -0.78791   0.57432 -0.737131   0.35608
 0.735654 -0.063193 -0.674403  0.307381 -0.781381  0.543103
 0.791541  -0.20569 -0.575461  0.540187  0.246877 -0.804519
 0.658337 -0.737371  0.151249  0.416612 -0.796711  0.437819
 0.646878 -0.746139  0.157562   0.22329 -0.769782  0.597978
 0.644581 -0.739876  0.192613    0.2207 -0.778473  0.587598
 0.714395 -0.690066  0.115967  0.252901 -0.789337  0.559454
0.237371 0.510185 -0.82666  0.657826 -0.727127  0.196343
 0.511983 -0.782241  0.354927   0.772695  -0.634776 -0.0013899
 0.814598 -0.148753 -0.560626 0.557799  -0.7583 0.337404
  0.83516 -0.477804 -0.272417  0.319331 -0.776362  0.543406
 0.376983 -0.794446  0.476172  0.657087 -0.736398  0.161101
 0.450376  0.329411 -0.829849  0.564199 -0.770721  0.296089
0.491589 0.36379 -0.7912  0.698726 -0.687531  0.197696
 0.428319 -0.791557  0.435867    0.80214  -0.596929 -0.0157529
0.203127 -0.72858 0.654148   0.868083  -0.489818 -0.0806919
0.183791 0.555281  -0.8111 0.735298 -0.66642 0.123375
 0.367863 -0.683658  0.630309  0.921493 -0.271656 -0.277586
 0.287317 -0.618025  0.731774  0.949984 -0.169892 -0.262043
 0.884237 -0.134412 -0.447279  0.526438 -0.622201  0.579422
 0.360964 -0.614573   0.70143   0.92255 -0.277336 -0.268301
 0.713118  0.093589 -0.694769  0.654701 -0.628166  0.420445
 0.766908 0.0313405 -0.640992   0.56348 -0.684735    0.4622
 0.507816  0.294544 -0.809547  0.687289 -0.677114  0.262964
 0.647881 0.0153734 -0.761587  0.654596 -0.669477  0.351147
  0.50142  0.228136 -0.834585  0.686102 -0.683242   0.24989
 0.360598  0.390434 -0.847072  0.774846 -0.608571   0.17104
 0.675642 0.0361993  -0.73634  0.695324 -0.617503  0.367716
 0.167402  0.539433 -0.825221   0.82026 -0.563849 0.0961641
  0.97715  0.166978 -0.131512  0.152346  0.723971 -0.672797
0.00386899 -0.781626  0.623735  0.922789 -0.365176  0.122912
0.987905 -0.15506       -0 0.987905 -0.15506       -0
 0.536922  0.628159 -0.563143  0.864246 -0.438748  0.246128
 0.986867 -0.161532         0  0.986867 -0.161532         0
  0.996019 -0.0891374         -0   0.996019 -0.0891374         -0
  0.87294  0.391045 -0.291649 0.0428359  0.791159 -0.610108
 0.311202 -0.772638  0.553338  0.276469  0.760922 -0.586995
  0.995862  0.0818694 -0.0394514 0.0806979 0.746618 -0.66034
 0.895062  0.348609 -0.278095 0.163069 -0.68096 0.713934
 0.970736 -0.162948  0.176407  0.239285  0.695746 -0.677259
0.678949 0.527556  -0.5106  0.462928 -0.631127  0.622395
 0.947441  0.209463 -0.241827 0.00123048 -0.730513  0.682897
0.751188 0.450916 -0.48207  0.153226  0.758222 -0.633736
 0.925748 -0.286767  0.246484  0.240536  0.731036 -0.638536
 0.353428  0.703203 -0.616923 0.739564 -0.51057 0.438592
0.958365 -0.11472 0.261489  0.334278   0.53946 -0.772813
 0.460739  0.578019 -0.673508  0.836073 -0.271894  0.476504
 0.746643 -0.263923   0.61063  0.639222  0.453183 -0.621306
  0.92791  0.237162 -0.287642 0.328497 -0.51572 0.791279
 0.815683 -0.139865  0.561337  0.549488  0.360267 -0.753837
 0.370302 -0.158033   0.91537  0.939663 0.0580091 -0.337149
  0.75643 -0.232985  0.611173  0.663753  0.189277 -0.723606
 0.639732 -0.237891  0.730857  0.811277  0.157828 -0.562956
0.561714 -0.39223 0.728446  0.850239  0.130671 -0.509921
 0.303357 -0.530464   0.79157  0.961098 -0.055798 -0.270513
 0.650842 -0.407967  0.640287  0.813246  0.270257 -0.515356
 0.247693 -0.482042  0.840407  0.961493 0.0387841  -0.27208
 0.571191 -0.424581  0.702475  0.848057  0.257429 -0.463174
 0.592328 -0.334196  0.733117  0.834698  0.263438 -0.483612
 0.595856 -0.340948  0.727125  0.791644  0.207253 -0.574757
 0.611967 -0.330802  0.718378  0.817566  0.269654 -0.508795
0.0635836 -0.658831  0.749599   0.979577 -0.0785142  -0.185105
0.0155389 -0.616819  0.786952   0.973118  -0.209078 -0.0965843
 0.125027  0.626924 -0.768983  0.948373 -0.315109  -0.03599
0.0382411 -0.644948  0.763269  0.976352 -0.160634 -0.144681
0.0368232  0.688913 -0.723908  0.948328 -0.267761 -0.170228
  0.924491 -0.0152797  -0.380899  0.115977 -0.804556  0.582443
 0.959682 -0.190554  -0.20664  0.130159  0.754417 -0.643361
0.0711017 -0.793611  0.604257  0.952127 -0.106283 -0.286634
   0.954213 -0.00017511   -0.299129 0.0222208  0.783716 -0.620722
 0.728444  0.437446 -0.527266  0.264853 -0.787957  0.555856
 0.161332 -0.695177    0.7005  0.946362   0.10838 -0.304388
0.0656305  0.777908 -0.624942  0.909303  0.194225 -0.368029
0.0769294 -0.68455 0.724895    0.965623 -0.00511545   -0.259894
0.0936036   0.65525 -0.749591  0.966092 -0.188461 -0.176493
0.0992794 -0.795948  0.597168  0.930712 0.0644733 -0.360026
0.00858346  0.682982 -0.730385  0.971351 -0.120205 -0.205007
0.198416 -0.68696 0.699082  0.936383  0.156937 -0.313939
 0.110241  0.772932 -0.624838   0.85444  0.334127 -0.397859
 0.47123 -0.63787 0.609151  0.764105  0.421899 -0.488001
 0.529717 -0.613708  0.585459   0.73879  0.446627 -0.504691
  0.995923  0.0305917 -0.0848597 0.0402098 0.675361 -0.73639
 0.851583  0.351421 -0.388985  0.360404 -0.594941  0.718439
 0.693928  0.430888 -0.576888  0.644589 -0.476281  0.598048
 0.707159  0.471457 -0.526929  0.53788 -0.53032 0.655321
 0.184016  0.573263 -0.798441   0.995995 -0.0886712   0.011476
 0.520719 -0.570099  0.635484   0.87273  0.160434 -0.461089
 0.159825 -0.651369  0.741738  0.961287  0.055823 -0.269834
0.0242004  0.600421 -0.799318   0.991454 -0.0947907 -0.0896329
0.218434 -0.65786 0.720768  0.926833  0.175181 -0.332101
 0.936771 -0.248806   0.24608  0.326353  0.634937 -0.700249
  0.41705 -0.564092   0.71265  0.838168  0.317909 -0.443181
0.0367241 -0.656844  0.753131  0.983512  0.065207 -0.168678
 0.497248  0.739305 -0.454062  0.426699 -0.623668  0.654955
 0.874832  0.455712 -0.164301 0.0706333 -0.792895   0.60525
 0.944938  0.325332 0.0353782  0.155489 -0.755334  0.636626
 0.453707  0.766305 -0.454891  0.292652 -0.708099  0.642612
  0.882027    0.46203 -0.0925005  0.186593 -0.740665  0.645445
  0.837159   0.539969 -0.0871736  0.656556 -0.441051   0.61189
 0.722042  0.638151 -0.267242  0.335757 -0.650979  0.680804
 0.526008  0.744262 -0.411569  0.368928 -0.653231  0.661197
   0.90657   0.421731 -0.0165406 0.120305  -0.7021 0.701842
  0.910717 0.00837246   0.412946  0.220706  0.725868 -0.651463
0.958536 0.219851 0.181313 0.0182549 -0.72472 0.688802
  0.915695   0.401617 -0.0143781   0.13869 -0.694787  0.705717
 0.792538  0.576566 -0.198633  0.219004 -0.705102  0.674439
  0.85644  0.503759 -0.112858  0.234522 -0.724398  0.648265
 0.792786  0.575903 -0.199565   0.31058 -0.662794  0.681355
 0.808556  0.556556 -0.191004   0.28993 -0.677946  0.675522
0.967027 0.153426 0.203273  0.114197  0.616939 -0.778681
0.958032 0.216684 0.187678 0.0735157  0.637713 -0.766758
 0.939747 0.0932992  0.328894  0.283368  0.572262 -0.769557
  0.930967 -0.0270908   0.364097  0.266593  0.630659 -0.728833
  0.772018 -0.0509487   0.633556  0.600562  0.433901 -0.671606
0.580941 -0.10659 0.806936  0.826472  0.161833 -0.539216
 0.844152 -0.127463  0.520731  0.495811  0.364326 -0.788313
  0.65516 -0.207183  0.726527  0.752245   0.31404 -0.579229
  0.82173 -0.202092  0.532839  0.559013  0.479345 -0.676559
 0.568206  0.548329 -0.613578  0.739449 -0.353002  0.573241
 0.313847  0.612464 -0.725526  0.930399 -0.059077  0.361756
 0.303255  0.604307 -0.736783   0.940071 -0.0739521   0.332863
 0.676104  0.537002 -0.504491  0.617131 -0.364141  0.697532
0.975796 0.072569 0.206291  0.117853   0.52897 -0.840418
 0.611062 -0.315308  0.726074  0.741109  0.424584 -0.520082
 0.550616 -0.313161  0.773791  0.800068  0.436655 -0.411368
 0.616901  0.618534 -0.486671 0.439802 -0.63484 0.635258
 0.537045  0.613356 -0.579118  0.647624 -0.500196  0.574793
 0.835052  0.425263 -0.349055  0.130999 -0.739068  0.660771
0.444723 0.682613 -0.57988 0.610347 -0.55302 0.567137
 0.821948  0.444869 -0.355657  0.168222 -0.780408  0.602217
 0.860852 -0.413362  0.296758  0.111692 -0.807199  0.579616
0.0978328 -0.810786  0.577108  0.997874 0.0403141 0.0511985
 0.670304 -0.606855  0.427105 0.0618635  0.811776 -0.580683
 0.993971  0.107891 0.0195211 0.0541605  0.819709 -0.570214
  0.958107   0.285511 -0.0226793 0.0762309 -0.799848  0.595341
 0.479005  0.723535 -0.497042  0.448845 -0.659452  0.603044
 0.504251  0.737714 -0.448897  0.308652 -0.742397  0.594626
 0.606783  0.656457 -0.448195  0.338859 -0.711526  0.615552
 0.676003  0.589944 -0.441572  0.226407 -0.759738   0.60954
  0.994552    0.10378 0.00976122  0.109163 -0.808725  0.577968
  0.77633  0.524665 -0.349339  0.235634 -0.754488  0.612556
 0.741756  0.593102 -0.313094 0.241567 -0.72116 0.649286
  0.82725  0.527963 -0.192128  0.195226 -0.765132  0.613563
 0.738904  0.605787 -0.295031  0.266444 -0.700509  0.662038
 0.809677  0.534007 -0.243432  0.225393 -0.725691  0.650054
 0.502276  0.701788 -0.505187 0.572731 -0.48867 0.658164
 0.964705 0.0973462  0.244681 0.0863438  0.693013 -0.715735
  0.92551  0.365158 -0.100449  0.130246 -0.644636  0.753313
 0.960739  0.262232 0.0906329 0.00435795 -0.675196  0.737626
0.586713 0.618559 -0.52264  0.598883 -0.451942  0.661125
 0.536908  0.622495 -0.569412  0.658714 -0.450198  0.602841
 0.351981  0.715005 -0.604051  0.731948 -0.417617  0.538376
  0.48812  0.643626 -0.589478  0.722875 -0.392838  0.568446
 0.748531  0.563972 -0.348765  0.330658 -0.647043  0.687023
 0.888189   0.43833 -0.137796  0.177201 -0.684876  0.706785
 0.898689  0.407258 -0.162785  0.190686 -0.630284  0.752583
 0.756795   0.56615 -0.326705 0.323487 -0.63692 0.699779
 0.319299  0.767975 -0.555214 0.854888 0.172282 0.489373
0.891231 0.332634 0.308321   0.24633  0.807168 -0.536471
0.852292 0.273144 0.446084  0.151554  0.780709 -0.606238
 0.369287  0.805774 -0.462985  0.809764 0.0342056  0.585758
0.847707 0.466626 0.252294  0.263238  0.797109 -0.543436
 0.81893  0.43468 0.374709  0.303285 -0.491547  0.816333
 0.279334  0.764041 -0.581562 0.830551 0.414632 0.371841
 0.367084   0.80016 -0.474334   0.8035 0.215809  0.55481
0.0840663 -0.592728  0.801004   0.80352  0.588026 0.0926325
 0.263143 -0.484236  0.834429   0.787055   0.614355 -0.0557949
 0.143272  0.695268 -0.704327 0.872893 0.397812 0.282496
 0.138189  0.692979 -0.707591  0.87186 0.404377 0.276296
 0.302064  0.762718 -0.571855    0.858 0.231439 0.458554
0.844987 0.300584  0.44232   0.50418 -0.362391  0.783885
 0.318271  0.765298 -0.559484 0.838431 0.315814 0.444179
 0.292323   0.76562 -0.573038 0.849416 0.300977  0.43348
 0.641374 -0.176055  0.746755  0.669819  0.606038 -0.429023
0.653934 -0.11093 0.748375  0.649425  0.646419 -0.400488
  0.81728 0.0600719  0.573101  0.507095  0.561107 -0.654227
 0.513489 -0.314276  0.798473  0.740946  0.576036 -0.345225
 0.830822 0.0691026  0.552232  0.579167  0.418348 -0.699679
 0.402957 -0.103903  0.909302   0.90381  0.181276 -0.387642
 0.970172 0.0695469  0.232227  0.190767  0.425453 -0.884645
 0.922616 0.0989169   0.37282  0.369732  0.394812 -0.841084
0.971338 0.112914 0.209173  0.117864  0.563358 -0.817763
 0.834271 -0.153288  0.529617  0.391747  0.656451 -0.644675
 0.791406  0.524231 -0.314417  0.477004 -0.402018  0.781569
  0.877074 -0.0143483   0.480142  0.389592  0.637371 -0.664813
 0.520284  0.616793 -0.590652   0.776607 -0.0952316   0.622746
0.942804 0.163934 0.290253  0.195588  0.516518 -0.833639
 0.642915   0.52004 -0.562333  0.724968 -0.128103  0.676765
 0.522377  0.536198 -0.663034   0.813531 -0.0412185   0.580058
 0.567591  0.701249 -0.431381  0.635684 -0.369753  0.677635
  0.900677   0.431306 -0.0524964  0.162402 -0.652161  0.740481
 0.936205  0.348318 0.0468521  0.102323 -0.711107  0.695598
 0.607242  0.684997 -0.402537  0.590858 -0.417135  0.690569
  0.854296   0.510954 -0.0954178  0.280505 -0.671046  0.686305
 0.668536 -0.423023  0.611647  0.822851  0.559316 -0.100404
 0.584077 -0.443604  0.679757  0.387424  0.799657 -0.458751
 0.286232   0.80326 -0.522346  0.816737 -0.225187  0.531255
0.910926 0.108431 0.398066  0.250865  0.811582 -0.527638
 0.842056 0.0279956  0.538663  0.192354  0.800899 -0.567063
 0.389209  0.768047 -0.508547   0.79309 -0.150941  0.590106
 0.323079  0.806493 -0.495165   0.835576 -0.0708808   0.544783
 0.421902  0.761086 -0.492694  0.749427 -0.245622   0.61484
 0.404992  0.763983 -0.502306  0.709704 -0.349562  0.611659
 0.654502 -0.395922  0.644106 0.919515 0.353422 0.172004
 0.437934  0.762037 -0.476983  0.715339 -0.315814  0.623339
 0.371725  0.765325 -0.525451   0.820893 -0.0682313   0.566991
  0.84691 0.0421275  0.530064  0.119765  0.787694 -0.604313
 0.349067  0.765744 -0.540174  0.842834 0.0641989  0.534331
 0.349161   0.76907 -0.535368  0.839756 0.0205739  0.542573
0.253338 0.719416 -0.64673 0.883998 0.210141 0.417597
 0.217551 -0.539535  0.813372  0.843669  0.536031 -0.029883
 0.635495  0.669421 -0.384737  0.646304 -0.238502  0.724851
 0.136284 -0.567535  0.811992  0.857106   0.51455 0.0246437
0.0978904 -0.623626   0.77557 0.925845 0.366516 0.092072
 0.737412  0.606766 -0.296747  0.435294 -0.477487  0.763233
 0.475076  0.719381 -0.506748  0.752402 -0.201509  0.627125
 0.723953  0.614907 -0.312701  0.449236 -0.468525  0.760705
 0.395261  0.730999 -0.556246   0.817058 -0.0792951   0.571077
 0.265866  0.723582 -0.636981  0.88281 0.186372 0.431175
 0.336723  0.706648 -0.622307  0.864285 0.0438029  0.501091
 0.357181  0.727183 -0.586196  0.850856 0.0171748  0.525118
0.490822 0.79318 -0.3605 0.719752 0.373688 0.585076
0.231778 -0.40188 0.885873 0.596291 0.794229 -0.11678
 0.147336 -0.420001  0.895484  0.575064  0.809765 -0.116541
  0.31896  0.786834 -0.528353 0.725403 0.611837  0.31535
 0.344563 -0.157018  0.925539   0.579947   0.810113 -0.0859012
0.661344 0.477268 0.578653   0.617143   0.786712 -0.0147839
0.477634 0.141915 0.867021   0.632404   0.773366 -0.0443798
 0.65264 0.554602 0.516215  0.400657  0.790909 -0.462533
0.203457 -0.21193 0.955872    0.66868   0.742179 -0.0451304
0.0658066  0.466341 -0.882154  0.742116  0.669168 0.0384425
 0.369056  0.706034 -0.604411 0.754778 0.578674 0.308943
0.424516 0.719196 -0.55004 0.750221 0.585442 0.307289
    0.476  0.783984 -0.398488 0.722842  0.46444 0.511658
0.0535812 -0.513648  0.856326 0.664451 0.727231 0.172164
 0.484889  0.773946 -0.407296 0.695506 0.599452 0.396142
 0.443468   0.77714 -0.446532  0.70875 0.554091 0.436642
 0.335426  0.579279 -0.742917  0.86298 0.299691 0.406757
 0.379416 -0.143339  0.914056  0.727563  0.619877 -0.293945
0.842148 0.209891 0.496722 0.448777 0.467785 -0.76143
 0.306214 -0.281065  0.909525  0.787508   0.57645 -0.218028
 0.412148  0.370636 -0.832324 0.918983 0.203629 0.337648
 0.974941 0.0419165  0.218478  0.267341  0.217946 -0.938631
 0.669738 -0.134266  0.730359 0.659493 0.414323 -0.62722
 0.398095 -0.186281  0.898232  0.875678  0.346349 -0.336498
 0.698106 -0.140189  0.702136  0.630739  0.553448 -0.543934
 0.497602 -0.309735   0.81022  0.736653  0.608853 -0.294349
 0.575789 -0.196468  0.793642 0.704724 0.603951  -0.3723
 0.585392 -0.146837  0.797342 0.701192  0.61034 -0.36853
 0.336767  0.591344 -0.732735 0.885489 0.274335 0.375034
 0.787782  0.471151 -0.396756   0.47856 -0.136027  0.867454
0.883503 0.185574 0.430099  0.418375  0.496004 -0.760883
0.947791 0.293105 0.125623 0.00455473 -0.420003  0.907511
0.394487 -0.38748  0.83321  0.693977  0.704244 -0.149787
 0.463537 -0.357038  0.810961  0.739387  0.653287 -0.162858
 0.046767 -0.613563   0.78826  0.80793 0.579527 0.106758
 0.201654 -0.537257  0.818957    0.74787   0.661982 -0.0496935
 0.235017  0.746807 -0.622131 0.817229 0.479163  0.32022
  0.30494 -0.483031  0.820788 0.814761 0.444054 0.372801
 0.249874 -0.460103  0.851979   0.693423   0.719963 -0.0285872
0.398461 0.791505 -0.46341 0.802421 0.509161 0.311248
 0.322535 -0.377221  0.868145   0.668178   0.741725 -0.0581491
 0.169045 -0.469055   0.86684  0.612054  0.781383 -0.121782
 0.348366  0.780408 -0.519234 0.799091 0.502924 0.329424
 0.307342  0.789041 -0.531935 0.742406 0.657844 0.126781
0.00955453 -0.665493  0.746343  0.745059  0.666154 0.0335658
 0.100572 -0.588096  0.802514  0.749326   0.66138 0.0329814
0.0353977  0.673713 -0.738145 0.745747 0.657861 0.105269
 0.071971 -0.594655  0.800753  0.747088  0.663249 0.0442772
0.0912433  0.691356 -0.716729 0.754708  0.64686 0.109484
0.106971 0.707501 -0.69857  0.70877 0.696943 0.109156
 0.198125  0.724858 -0.659794 0.756504 0.625713 0.190223
 0.205731  0.724139 -0.658253 0.757632 0.620378 0.202794
 0.507213  0.745482 -0.432426 0.769924 0.394086  0.50191
0.164972 0.596468  -0.7855 0.809519 0.576375 0.111671
0.489642 0.688705 -0.53473 0.816731 0.275779  0.50685
0.0910262  0.525173 -0.846113  0.793878  0.603846 0.0716012
 0.253003 -0.425522  0.868862  0.782606  0.614255 -0.101088
 0.451451 -0.293352  0.842696 0.730502 0.654674 -0.19434
0.0545439 -0.595203  0.801722   0.77655  0.629654 0.0225024
 0.375875 -0.374155  0.847777 0.753889 0.637033 -0.16075
0.0981808 -0.552342  0.827816  0.762852  0.646482 0.0108612
 0.518937   0.75568 -0.399565 0.762722 0.294654 0.575703
0.00960818 -0.553534  0.832771  0.830283  0.554596 0.0552587
0.00175542  0.610598 -0.791938  0.775773  0.629205 0.0477341
0.662286 0.309033 0.682551  0.539419  0.635454 -0.552472
 0.239455  0.606741 -0.757976 0.725191 0.686865 0.048108
 0.274643  0.524024 -0.806207  0.75271 0.634971 0.173896
0.734953 0.602283 0.311606  0.344796  0.545623 -0.763813
 0.609727  0.637943 -0.470384  0.745927  0.661602 0.0766474
0.609113 0.589302 0.530758  0.548038  0.572558 -0.609781
0.752836 0.550701 0.360509 0.0792522  0.142779 -0.986577
 0.683252  0.654804 -0.323107   0.151769 0.00549849   0.988401
0.776561 0.607759 -0.16608 0.243908 0.112441 0.963258
 0.676812  0.570992 -0.464644 0.487699 0.269776 0.830283
0.808304 0.588136 0.027202 0.00562417 -0.195899  0.980608
 0.792115  0.588115 -0.163324  0.210024 0.0508035  0.976375
0.780428 0.579618 0.234469  0.130423  0.294428 -0.946732
 0.750509  0.658942 0.0503189 0.0847427  0.275403 -0.957586
0.788068 0.598118 0.145613 0.00636294 0.0857165 -0.996299
0.789707 0.579545 0.201222 0.0978255   0.28566 -0.953325
 0.390662  0.410239 -0.824068 0.790737  0.28668 0.540879
0.866337 0.474101 0.157125 0.0420941  0.163397 -0.985662
0.856147 0.283403 0.432082  0.367542  0.265599 -0.891274
  0.224676 -0.0672545    0.97211  0.862941  0.479435 -0.159605
0.894281 0.238212 0.378837  0.393059  0.205975 -0.896147
 0.691121  0.141984 -0.708655  0.726184 0.0530747  0.685448
0.894872 0.181612 0.407703  0.481743  0.377573 -0.790799
0.820101 0.187707 0.540555  0.491209  0.237228 -0.838115
  0.43911  0.466012 -0.768124 0.846628 0.214861 0.486884
 0.460314 -0.147027  0.875497  0.722107  0.621753 -0.303289
0.266011 0.419302   -0.868 0.876038 0.385565  0.28965
0.842509 0.339386 0.418324  0.395364  0.458563 -0.795868
 0.150638  0.317271 -0.936295 0.876263 0.388326 0.285246
 0.86218 0.279056 0.422816  0.411711  0.283179 -0.866201
  0.361407 -0.0805368   0.928923  0.898544  0.412788 -0.149081
0.902252 0.286781 0.322022  0.224357  0.332194 -0.916139
0.766877 0.422999 0.482671   0.46393  0.731855 -0.499156
  0.511313 -0.0762382   0.856006  0.614162  0.730726 -0.298069
 0.185646 -0.463099  0.866646  0.612223  0.769967 -0.179815
0.765655 0.453786 0.455907  0.458457  0.725786 -0.512886
0.0823472  0.669052 -0.738639  0.592267    0.7942 -0.135891
  0.35477  0.811011 -0.465188    0.59867   0.798546 -0.0626063
0.406545 0.806701  -0.4289 0.703018 0.655898 0.274889
0.704618 0.644204 0.297514 0.408938 0.806356 -0.42727
 0.285201  0.737971 -0.611603   0.62338  0.777396 -0.083984
 0.180756  0.642349 -0.744792   0.64415  0.756074 -0.115854
0.726658 0.465424 0.505319  0.459524  0.741628 -0.488698
0.606169 0.330534   0.7234   0.44131  0.736677 -0.512399
0.711915 0.473733 0.518415  0.460146  0.732338 -0.501943
0.735769 0.598714 0.316521 0.438201 0.784043 -0.43961
0.683149  0.47513 0.554581  0.425677  0.777757 -0.462487
0.732862 0.596867 0.326593  0.439393  0.781017 -0.443785
0.659634  0.39138 0.641642  0.469385  0.660038 -0.586538
0.680143 0.496107 0.539707  0.425521  0.667052 -0.611534
0.686037 0.443491 0.576775  0.419481  0.552183 -0.720507
0.685244 0.328755 0.649893  0.491864  0.693011 -0.527072
  0.801891   0.594358 -0.0609087  0.125721 -0.121712  0.984571
 0.335871  0.384728 -0.859753 0.770256 0.419082 0.480704
0.315675 0.412983 -0.85428   0.8244 0.449487 0.343985
 0.588435  0.525864 -0.614175 0.609296 0.241274 0.755344
 0.63217 0.240981 0.736403  0.621311  0.569789 -0.537879
0.743221 0.332127 0.580787  0.507792  0.636375 -0.580667
0.756766  0.44767 0.476338  0.458443  0.636774 -0.619959
0.754011 0.304181 0.582186  0.514253   0.64822 -0.561565
0.722399 0.318856 0.613572  0.513141   0.66696 -0.540233
  0.341093 -0.0408862    0.93914  0.729497  0.627524 -0.272117
 0.231702 -0.147818  0.961491  0.805097  0.575788 -0.142433
0.761753 0.460877  0.45533  0.405974  0.516593 -0.753868
