 0.209144 -0.725255  0.655945  0.643809 -0.460144  0.611373
-nan -nan -nan -nan -nan -nan
  0.33137  0.831002 -0.446799 0.901224  0.23684 0.362908
 0.166977  0.759339 -0.628906 0.799816 -0.14205 0.583194
0.926756  0.24074 0.288389   0.16754  0.804398 -0.569977
0.921939 0.350127 0.165652 0.341279 0.776796 -0.52926
 0.479418  0.793032 -0.375843 0.0371207 -0.807301  0.588971
  0.802648   0.594475 -0.0485242  0.181396  0.806943 -0.562084
 0.218605  0.861449 -0.458386  0.456718 -0.744321  0.487232
0.0554882 -0.908547  0.414082   0.41158 -0.857422  0.308915
  0.20919 -0.758863  0.616739  0.737268 -0.385882  0.554556
  0.34179  0.771558 -0.536543  0.189881 -0.762568  0.618414
 0.757542  0.635877 -0.147616   0.60428 -0.471435  0.642336
 0.321323  0.822253 -0.469736  0.765877 -0.241799   0.59579
 0.489546  0.784614 -0.380428  0.010312  0.809831 -0.586573
 0.231696  0.834424 -0.500053  0.591396 -0.497812  0.634377
 0.738891 -0.664225  0.113333  0.205041  0.606618 -0.768097
 0.690079 -0.693813   0.20595 0.318039 0.398458 -0.86028
 0.699081 -0.678385  0.226009  0.236718  0.579115 -0.780122
 0.720933 -0.679597   0.13566  0.233197  0.587277 -0.775065
 0.730007 -0.645591  0.224281  0.202272  0.680504 -0.704273
  0.73092 -0.639525  0.238253  0.166655  0.760961 -0.627028
 0.867472 -0.496703 0.0279085 0.126555 0.781566 -0.61085
  0.82728 -0.557292 0.0709402  0.108002  0.782843 -0.612774
 0.782218 -0.613569  0.108019  0.199153  0.767976 -0.608729
 0.774191 -0.629149  0.069289  0.146367  0.791335 -0.593605
0.725626 -0.67446 0.136275  0.214964   0.69881 -0.682243
 0.740881 -0.663769  0.102498 0.149318 0.788835 -0.59619
 0.690862 -0.704972   0.16039  0.222784  0.685974 -0.692681
 0.724933 -0.668319  0.166796  0.166665  0.701235 -0.693176
 0.746789 -0.652832  0.126947  0.194966  0.761651 -0.617961
  0.75529 -0.639831  0.141961  0.173622  0.704007 -0.688643
0.465214 -0.43462 0.771156  0.707647  0.447018 -0.547184
 0.171775 -0.629217   0.75801   0.90342  0.246354 -0.350917
 0.258665 -0.597529  0.758981  0.771527  0.470916 -0.427766
  0.20179 -0.593415  0.779192  0.839734  0.389325 -0.378515
 0.601042 -0.398495  0.692784  0.535723   0.64819 -0.541156
 0.639819 -0.341617  0.688425  0.454834  0.716654 -0.528709
   0.884198    0.467111 -0.00126953  0.239104  0.623296 -0.744535
 0.936011  0.345352 0.0679279 0.288904 0.692789 -0.66074
0.896749 0.427008 0.116215  0.182667  0.425829 -0.886173
0.913777 0.400791 0.066169 0.0298671  0.127977 -0.991327
 0.949846  0.302726 0.0784148  0.103123  0.348804 -0.931505
0.919429 0.335781   0.2047 0.187552 0.364928 -0.91195
  0.940809   0.336234 -0.0427269  0.181045  0.541837 -0.820753
 0.694071 -0.318549  0.645594   0.53868  0.626633 -0.563165
   0.89673   0.440293 -0.0449147  0.159257  0.563996 -0.810275
 0.946682  0.316731 0.0589476   0.26765  0.579341 -0.769888
 0.864426 -0.448571   0.22705 0.0709815  0.652927 -0.754087
 0.981976 -0.158137  0.103515 0.117085 0.590296 -0.79865
  0.87134 -0.392878  0.293963 0.0033289  0.724299 -0.689478
 0.999517 0.0164777 0.0263465 0.0770507  0.638544 -0.765719
 0.670285 -0.615946  0.413919 0.0646929 -0.803028   0.59242
0.0698621  0.854854 -0.514143  0.336341 -0.809394   0.48141
 0.099955 -0.828491  0.551009  0.476658 -0.750529  0.457716
 0.871647 -0.389295  0.297793  0.186611 -0.808819  0.557663
 0.246939  0.763794 -0.596356  0.517888 -0.718504  0.464267
 0.581216 -0.670452  0.461175 0.0332854  0.772033 -0.634711
 0.946163 -0.304724  0.109173 0.0754278 -0.716293  0.693711
  0.98388 -0.159379 0.0811091  0.103524  0.758338 -0.643589
    0.990461    -0.137795 -0.000507908   0.02473 -0.706651  0.707129
 0.970817 -0.172658  0.166445 0.0703622 -0.747419  0.660616
 0.973636 -0.203351  0.103354 0.543238 -0.68549 0.484763
 0.766137 -0.558614   0.31778 0.0342691 -0.763014  0.645473
 0.334272 -0.542012  0.771028  0.936522 0.0199262 -0.350043
 0.239263 -0.599058  0.764123  0.939362   0.12803 -0.318132
 0.751359 -0.299542  0.587992  0.576014  0.441751 -0.687796
0.0562687 -0.56314 0.824444   0.990808 -0.0281946  -0.132307
 0.536299  0.389196 -0.748939   0.640187 -0.0457938   0.766853
 0.857674  0.404524 -0.317419   0.263512 0.00860249   0.964618
 0.549786  0.207864 -0.809029   0.683845 -0.0119718   0.729529
 0.804243  0.323025 -0.498846   0.379272 -0.0818246    0.92166
 0.339842   0.16121 -0.926563  0.844806 -0.263739  0.465558
 0.892898 -0.209194 -0.398711  0.482579 -0.442833  0.755656
 0.183814  0.368356 -0.911332  0.902879 -0.370809  0.217511
 0.621707 0.0771035 -0.779445  0.693093 -0.435884  0.574132
 0.389376   0.34295 -0.854852 0.852447 -0.37584 0.363426
 0.766359  0.279373 -0.578485  0.524582 -0.302394  0.795846
0.333264 0.253052 -0.90824  0.859578 -0.169033  0.482237
 0.452808  0.313379 -0.834721  0.827429 -0.206735  0.522133
 0.829945 -0.531687 -0.168819  0.037592   0.34978 -0.936077
 0.807618 -0.397527 -0.435575  0.078551 -0.494416  0.865669
  0.811697   -0.58349 -0.0262103  0.155366  0.186956 -0.970005
  0.769244  -0.634733 -0.0733368 0.0703936  0.328025 -0.942043
  0.810445  -0.581244 -0.0730355   0.167428 -0.0416499  -0.985004
 0.800889 -0.578226 -0.155666 0.0932549 -0.253143 -0.962924
  0.829572   -0.55584 -0.0534102  0.160923 -0.174313 -0.971452
 0.747088 -0.651575 -0.131567  0.176829 -0.208498 -0.961904
 0.853833 -0.517177 0.0591389   0.146225 -0.0438231   -0.98828
 0.858343 -0.505007 0.0906324  0.170688  0.075257 -0.982447
  0.855774  -0.516153 -0.0351613  0.120684  0.210081 -0.970207
  0.796615   -0.60432 -0.0141926  0.132847 0.0981867 -0.986261
  0.773804  -0.627971 -0.0829413 0.0485161 0.265135 -0.96299
  0.760805  -0.648376 -0.0280147  0.172766 0.0273187 -0.984584
 0.773863 -0.625131 -0.101722  0.206993 -0.104174  -0.97278
 0.831187 -0.542869 -0.120086  0.113028  0.091536 -0.989366
 0.873629  0.481298 0.0715812  0.176852  0.719247 -0.671869
 0.92106 0.309671 0.236121  0.319336  0.769767 -0.552706
0.918776 0.192048 0.344918  0.285431   0.80592 -0.518674
 0.92424 0.352834 0.145905  0.173263  0.757061 -0.629952
0.919823  0.21566 0.327745   0.29243  0.840741 -0.455674
0.924513 0.133002 0.357193  0.232174  0.878957 -0.416569
0.950742 0.187537 0.246817  0.094379   0.81078 -0.577692
 0.809414 -0.293798   0.50846  0.129739  0.825101 -0.549887
0.955371 0.159605 0.248581 0.0879922  0.713538 -0.695069
 0.95428 0.214752 0.207919  0.108653  0.575198 -0.810766
0.901842 0.407898 0.142478  0.128548  0.651735 -0.747474
 0.964161 0.0265852  0.263982 0.0744233 0.648392 -0.75766
0.942251 0.263098 0.207228   0.10499  0.702662 -0.703735
0.933467 0.137644 0.331201  0.177861  0.796025 -0.578541
 0.925811 -0.103349  0.363584 0.0689638  0.754316 -0.652879
0.893718 0.429847 0.128454  0.151206  0.770991 -0.618635
0.495278 -0.76604 0.409734  0.553417 -0.790522 -0.262305
 0.505316 -0.767599  0.394268  0.638605 -0.730335 -0.242476
 0.459944 -0.795526  0.394449  0.651632 -0.732044 -0.198713
 0.510341 -0.829199  0.227992 0.0822837  0.221183 -0.971755
 0.240678 -0.707917  0.664024 0.592009 -0.79335 0.141849
 0.286472 -0.759035  0.584637  0.680856 -0.731209 0.0420533
0.0519899 -0.46457 0.884009  0.600601 -0.778886  0.180596
 0.444309 -0.787641  0.426863    0.67427  -0.734198 -0.0794602
 0.419143 -0.681867   0.59948   0.613029  -0.788917 -0.0424943
 0.270375 -0.470114  0.840173  0.528015 -0.822641  0.210862
 0.445638 -0.711197  0.543697   0.542575  -0.836509 -0.0765809
 0.433656 -0.687485  0.582501   0.546238  -0.836575 -0.0420246
 0.470727 -0.771679    0.4277  0.542906 -0.816657 -0.195768
  0.615889  -0.787739 -0.0121276  0.413636 -0.779025  0.471196
 0.505362 -0.780444  0.368125  0.579191 -0.559446 -0.592923
  0.50612 -0.771329  0.385868  0.619174 -0.643282 -0.450345
 0.340631 -0.483441 -0.806384   0.614841 -0.0971531   0.782644
 0.053437 0.0555673 -0.997024  0.686108 -0.654584  0.317452
0.0202414 0.0583743   0.99809  0.586916 -0.719938  0.370431
 0.453893 -0.857961   0.24059 0.00137657 -0.129867  -0.99153
 0.370986 -0.451365 -0.811566  0.572938 -0.673235  0.467437
0.725961 0.609794 0.318011  0.495659 -0.628379  0.599551
0.807748 0.242322 0.537423 0.651319 0.738629 0.173811
0.746573 0.584267 0.318215   0.80619 0.0305913  0.590866
0.104675 -0.84695 0.521266 0.760229 0.594256 0.262509
 0.415548 -0.607471  0.676978 0.827859 0.514217 0.224124
 0.859476 0.0524749  0.508475   0.842833 -0.0287412   0.537407
0.0778729 -0.864602  0.496387 0.850566 0.393483 0.348868
-nan -nan -nan -nan -nan -nan
0.0210165 0.099001 0.994865  0.727567 -0.559508  0.396985
 0.768619 -0.108826  0.630382 0.823299 0.381113 0.420632
 0.895285 -0.367796 -0.251377   0.805187  -0.592569 -0.0231678
 0.788181 -0.614896 0.0259637 0.0377559 0.386824 -0.92138
 0.800432 -0.595503 0.0684449  0.165425  0.201897 -0.965335
 0.683809 -0.652626  0.326319 0.0786115    0.4511 -0.889004
0.845501 -0.52092 0.117346 0.167507 0.297475 -0.93992
 0.606907 -0.708033  0.361045 0.203352 0.560341 -0.80291
 0.669452 -0.684462  0.288698  0.366875  0.668124 -0.647312
  0.60716 -0.753207  0.253054  0.148447  0.677026 -0.720832
0.821579 -0.50949 0.255787   0.31634  0.587504 -0.744828
 0.655472 -0.736717  0.166146 0.0982882  0.593147 -0.799072
 0.687673 -0.718171  0.106471  0.149894  0.451484 -0.879599
 0.735332 -0.676236 0.0446262 0.0518958  0.453597 -0.889695
  0.818721  -0.570104 -0.0683905 0.0595151  0.502965 -0.862255
   0.843416    -0.53725 -0.00347213 0.0539335  0.433733 -0.899426
 0.781524 -0.560339  0.274301 0.138455 0.490837 -0.86018
 0.798489 -0.592994  0.103797 0.0670837  0.583257 -0.809513
 0.701951 -0.690781  0.173455 0.0694663  0.548593 -0.833199
 0.760507 -0.634905  0.136105  0.165034  0.505345 -0.846989
0.676526 -0.71355 0.182096  0.170497  0.514337 -0.840469
 0.676185 -0.716564  0.171203  0.360003  0.505852 -0.783908
 0.827099 -0.531064 -0.184058 0.104944 -0.66838 0.736379
 0.727146 -0.678014  0.107497  0.163676   0.72429 -0.669787
 0.753941 -0.652825 0.0734327  0.103435  0.807019 -0.581396
 0.939666 -0.226482 -0.256387 0.0190559  0.768703 -0.639322
  0.831834  -0.553757 -0.0374954  0.107231  0.751556 -0.650896
 0.697195  0.335753 -0.633395  0.349663 -0.667259  0.657648
 0.944186 0.0691483 -0.322073  0.490541 -0.476133  0.729841
 0.706022  0.174155 -0.686442  0.471043 -0.597608  0.648833
 0.686405  0.239246 -0.686739  0.539682 -0.579295  0.610869
 0.686438  0.132667 -0.714985  0.427903 -0.698053  0.574127
 0.723332 -0.678476  0.128302  0.283261  0.577315 -0.765814
 0.892838 -0.102902 -0.438465  0.131418 -0.724901  0.676201
 0.921228 -0.253107 -0.295424   0.03263 -0.701862  0.711565
0.386729 0.844016 0.371588   0.680964 -0.0440478  -0.730991
0.275939 0.830884 0.483208  0.726056 0.0948066 -0.681068
0.357071 0.840674 0.407144  0.729548  0.313976 -0.607601
0.344965 0.822625 0.451982  0.703588 0.0308481 -0.709938
 0.33906 0.803214 0.489781  0.700944  0.497668 -0.510885
0.477186 0.810713 0.339172 0.660893 0.640352 -0.39137
0.477758 0.745968 0.463983  0.692548   0.50281 -0.517262
0.320617 0.793036 0.517976  0.699172  0.477094 -0.532485
0.529781 0.766703 0.362628  0.713657  0.269583 -0.646544
0.424667 0.811446 0.401514   0.72914 0.0160676 -0.684176
0.486226 0.810547 0.326492  0.724472 0.0262927 -0.688803
0.593025 0.763707 0.255095  0.725928 0.0192672 -0.687501
 0.45331 0.805885 0.380866  0.719098 0.0211792 -0.694586
0.331088 0.810577 0.483058  0.712121  0.228728 -0.663752
0.521687 0.797747 0.302393  0.706605  0.226207 -0.670478
0.400088 0.805834 0.436533  0.708903  0.237259 -0.664202
    0.945115    -0.326736 -0.000208984   0.25997  0.356836 -0.897264
 0.913958 -0.391268   0.10766  0.204966  0.183704 -0.961375
  0.95078 -0.291165  0.106024  0.242386  0.274186 -0.930629
 0.856632 -0.493648  0.149978  0.225187  0.271495 -0.935725
  0.988266    -0.1481 -0.0373676  0.214906  0.375057 -0.901747
 0.999018 0.0337749 0.0286759  0.149055  0.485855 -0.861236
  0.990786  -0.133509 -0.0227836  0.070978  0.566011 -0.821336
 0.932395 -0.340277  0.121866  0.151524  0.494671 -0.855769
 0.906256 -0.319797  0.276459  0.139947  0.640688 -0.754939
 0.805153 -0.486457  0.339247  0.163564  0.740046 -0.652363
 0.935122 -0.336341  0.111454  0.180674  0.560644 -0.808106
 0.716489 -0.629138  0.301378  0.159504  0.651332 -0.741839
 0.804504 -0.544067  0.238254  0.130942  0.504705 -0.853304
0.866766  -0.4334 0.246741  0.254071  0.356059 -0.899261
 0.836278 -0.461089  0.296709  0.222414  0.534047 -0.815675
 0.96634 -0.23539  0.10382  0.307042  0.444987 -0.841256
 0.739446 -0.662905  0.117369 0.0576511  0.721391 -0.690124
 0.685863 -0.659455  0.307752  0.346016   0.69081 -0.634866
 0.768209 -0.637969 0.0533889  0.240322  0.745988 -0.621085
 0.658139 -0.725893  0.199833  0.354146  0.695133 -0.625596
 0.828585 -0.548322  -0.11309 0.000767748  0.823534 -0.567266
 0.868424 -0.428344 -0.249722 0.00674804 -0.812835  0.582455
  0.87365 -0.438718 -0.210387 0.0172077 -0.760151  0.649519
 0.893013 -0.405704 -0.194761 0.00203402 -0.812481  0.582984
  0.835366   -0.54649 -0.0592609 0.0553606 -0.702231  0.709794
 0.521362 -0.728939  0.443655  0.56122 0.176676 -0.80859
   0.796439   -0.604718 -0.00067478 0.00246759 -0.667782  0.744353
 0.727575 -0.678511  0.101278 0.0490446 0.651478 -0.75708
 0.626062 -0.751673  0.207445  0.103577  0.713644 -0.692809
  0.866586  -0.495392 -0.0601289 0.145082 0.780826 -0.60767
  0.804858  -0.593438 0.00599204 0.00581506  0.754986 -0.655715
 0.751946 -0.653338 0.0879017 0.0241381  0.749613 -0.661436
 0.888244  0.458572 0.0271053   0.15644  0.604451 -0.781131
0.921949  0.36265 0.135995  0.240216  0.729994 -0.639847
 0.906998  0.415816 0.0667207  0.100818   0.64445 -0.757971
  0.840227   0.541925 -0.0183228 0.210902 0.674195  -0.7078
0.938655 0.293589 0.180921  0.124753  0.570757 -0.811587
0.978228 0.150535 0.142861 0.143922 0.501521 -0.85309
0.934037 0.321345 0.155926  0.171177  0.404542 -0.898356
0.903104 0.405755 0.140595   0.15347  0.493829 -0.855909
0.906255 0.388049 0.167687   0.20029  0.315002 -0.927716
0.894292 0.358337 0.268022 0.198186 0.200637 -0.95941
0.901836 0.384099 0.197888  0.199262  0.432036 -0.879568
0.869977 0.441599 0.219386  0.189499  0.308031 -0.932313
 0.864844  0.493117 0.0942391  0.190774  0.516781 -0.834592
 0.866864  0.496369 0.0465333  0.140507  0.572292 -0.807923
 0.87581 0.469553 0.111702  0.181328  0.403418 -0.896869
 0.907822  0.409173 0.0918505  0.144731   0.50005 -0.853817
0.770513 0.476422 0.423476 0.00714407  0.73305 0.680138
 0.876651 -0.402913 -0.262952  0.629095 -0.645476 -0.433128
 0.94028 0.267988 0.209893  0.467961 -0.693893 -0.547288
 0.993297 -0.104738 0.0489055  0.153955 -0.776214 -0.611383
0.941254 0.298847 0.157259  0.196689 -0.725408 -0.659619
0.898965 0.386243 0.206587  0.125587 -0.686901 -0.715817
0.791072 0.489723 0.366575  0.101256 -0.624862 -0.774141
 0.92667 0.275491 0.255708 0.0983058 -0.691786  -0.71538
 0.85716 0.406253 0.316598  0.125247 -0.540669  -0.83186
0.897698 0.286295 0.334923  0.124589 -0.446948 -0.885842
0.882941 0.326418 0.337442 0.0151977 -0.627617 -0.778374
0.929561 0.152629  0.33559 0.0214192 -0.537129 -0.843228
 0.984741 0.0556841  0.164874 0.0146525 0.670608 0.741667
 0.94745 0.185152  0.26088  0.114621 -0.741329 -0.661281
0.906031 0.278226   0.3189  0.104914 -0.623299 -0.774914
0.764517 0.488985 0.420009 0.0667018 -0.680542 -0.729666
 0.715316 -0.670047  0.198393    0.3043  0.214864 -0.928028
 0.712567 -0.686019  0.147058  0.26708 0.250676  -0.9305
 0.714468 -0.684304  0.145821   0.332871 -0.0375251  -0.942225
 0.707963 -0.685807  0.168694 0.276906 0.246205 -0.92882
 0.723183 -0.689977 0.0306309  0.267385 -0.220025 -0.938133
 0.703803 -0.700355 -0.119016  0.191879 -0.363836 -0.911486
 0.737884  -0.67387 0.0377792  0.228517 -0.129957 -0.964827
 0.761509 -0.646049 0.0522037  0.253476 -0.172856 -0.951772
 0.723848 -0.662075  0.194168  0.226767  0.109547 -0.967769
 0.619972 -0.667109  0.413038  0.343448  0.205322 -0.916453
 0.708801 -0.658595  0.252691  0.317795  0.209618 -0.924698
 0.732279 -0.640721  0.230748  0.293465  0.241552 -0.924949
 0.722043 -0.661439  0.202864  0.304779  0.223588 -0.925807
 0.718546 -0.675851  0.164068    0.33401 -0.0277577  -0.942161
 0.758666 -0.634958  0.145789  0.268874 0.0575941 -0.961452
 0.721017 -0.670366  0.175339    0.29468 0.00763292  -0.955565
  0.981161 -0.0537686   0.185559 0.0489343 -0.445166  -0.89411
 0.967841 0.0751785  0.240068  0.170691  -0.32679 -0.929555
 0.989465 -0.132808 0.0576338  0.128894 -0.231195 -0.964331
 0.964736 -0.223261  0.139423 0.0845906 -0.303375 -0.949109
  0.960409  -0.275886 -0.0387477  0.157106 -0.150585 -0.976034
 0.923872 -0.379517 0.0492753   0.150687 -0.0375243  -0.987869
 0.930548 -0.356548 0.0833936  0.131494 -0.291702 -0.947428
 0.872565 -0.487786 0.0263567  0.137511 -0.136442 -0.981058
 0.936666 -0.319229  0.144047  0.176073 -0.522246  -0.83442
 0.801103 -0.546047 -0.245083  0.105561 -0.718787  -0.68717
 0.950004 0.0558627    0.3072 0.0748914 -0.588192 -0.805247
 0.761395  -0.61486 -0.205487   0.23318 -0.614134 -0.753967
 0.931769 -0.348694 -0.101085 0.0126571 0.409102 0.912401
  0.922876  -0.378076 -0.0732017  0.123534 -0.217592 -0.968191
 0.871435 -0.483372 0.0833879 0.198308 -0.42238 -0.88446
 0.975251 -0.219736 0.0245228 0.0322923 -0.385899 -0.921976
 0.657939   0.73556 -0.161456   0.11845  0.835778 -0.536139
0.890004 0.159702 0.427069  0.311008  0.785194 -0.535485
  0.827242   0.561588 -0.0170098  0.313649  0.799325 -0.512546
0.879949 0.010846 0.474944  0.390578  0.793337 -0.466975
 0.941225  0.335853 0.0360238  0.408797  0.805387 -0.429228
 0.852416  0.498619 -0.157374  0.379871  0.806364 -0.453294
  0.915095   0.398648 -0.0606759  0.478066  0.795669 -0.371972
 0.752648 -0.342496  0.562333  0.498785  0.776983 -0.384073
 0.249626 -0.844728  0.473415 0.00154707 -0.889704  0.456535
-nan -nan -nan -nan -nan -nan
 0.395344  0.848963 -0.350665  0.104531  0.883863 -0.455915
 0.450918  0.824222 -0.342538   0.22855   0.88162 -0.412931
 0.518169  0.797227 -0.309727 0.0909599  0.868596 -0.487102
 0.799344  0.581574 -0.151063  0.311519  0.826217 -0.469384
0.929494 0.307179 0.204162 0.395888   0.8362 -0.37953
0.963754 0.233878 0.128374  0.319947  0.852345 -0.413692
  0.993178  0.0656889 -0.0963472 0.027614 0.760564 0.648675
 0.965482   0.25216 0.0652724 0.0262807 -0.738666 -0.673559
0.953436 0.284181 0.101004 0.0994345 -0.787249 -0.608565
 0.982589  0.174687 0.0632738 0.0475532 -0.753126 -0.656156
 0.981433 -0.113808  -0.15439 0.0214715 -0.830456  -0.55667
0.903129 0.386662 0.186684   0.49757 -0.722257 -0.480385
0.365269 0.799566 0.476731  0.178025 -0.817885 -0.547149
 0.94444 0.297602 0.139522  0.234822 -0.804323 -0.545823
 0.957859 -0.219698 -0.185039 0.0716173 0.798437 0.597803
 0.849538 -0.430825 -0.304426 0.139039 0.718108 0.681901
 0.602664 -0.615378 -0.508041 0.141293 0.745806 0.651006
 0.793173 -0.418554 -0.442369 0.151794  0.73908 0.656292
  0.76726 -0.437696 -0.468758  0.11789 0.764537 0.633707
 0.95205 0.274954  0.13417  0.124601 -0.794384 -0.594499
 0.874927 -0.331721 -0.352794 0.0891188 0.811663 0.577288
 0.964074  0.258658 0.0604769 0.0321627 -0.806665 -0.590134
0.909238 -0.39776 0.122774  0.206738  0.195961 -0.958571
 0.869896 -0.489483 0.0607263  0.178249 0.0886809 -0.979981
  0.924833  -0.376176 -0.0563434    0.204641 -0.00560569   -0.978821
 0.957605 -0.286779  0.027395  0.210225 0.0795461 -0.974412
 0.955565 -0.263788 -0.131571   0.237183 -0.0879982  -0.967471
 0.991949 -0.109896 0.0629263  0.247623 -0.193039 -0.949431
  0.997235 -0.0738715 0.00804327  0.261631 0.0368928 -0.964463
 0.976641 0.0345201  0.212084   0.210756 -0.0860671  -0.973742
  0.998107 -0.0611357 0.00666889  0.246286  0.231394 -0.941169
0.970684 -0.15189 0.186286  0.160456  0.419344 -0.893535
 0.959569  -0.27896 0.0375244  0.212258  0.308281 -0.927313
    0.99928   0.0372221 -0.00731805  0.220318  0.306857 -0.925904
  0.985425  -0.167588 -0.0291861   0.23254  0.191676 -0.953512
  0.984752  -0.170714 -0.0334729    0.221396 -0.00998858   -0.975133
    0.9993  0.0286751 -0.0240095  0.271551  0.119849 -0.954933
  0.963776  -0.266696 0.00287786  0.212969   0.12471 -0.969067
 0.946579 -0.183579 -0.265117 0.0686396 -0.898482   0.43361
    0.8433   -0.53642 -0.0331412 0.0779117  0.851625 -0.518328
   0.94467 -0.0536314  -0.323609 0.0219235 -0.898874  0.437658
 0.936546  -0.30837 -0.166699 0.0198211  0.889429 -0.456644
 0.762037  0.432801 -0.481645  0.214313 -0.925859  0.311216
 0.322306  0.827232 -0.460225   0.60986 -0.791657 0.0367439
 0.331869   0.81235 -0.479532    0.3365 -0.908566  0.247538
 0.541167  0.679124 -0.495912  0.239008 -0.924173   0.29796
  0.64555  0.584441 -0.491623 0.0708369 -0.918331  0.389422
 0.363015 -0.879116  0.308828  0.177276  0.870886 -0.458401
 0.874224  0.239703 -0.422226   0.09914 -0.909401  0.403932
 0.191197 -0.911089  0.365185  0.532238  0.683466 -0.499597
 0.847299  0.300349 -0.438036 0.119307 -0.90996 0.397163
  0.78042  0.429658 -0.454245  0.120207 -0.918749  0.376099
   0.5048  0.698858 -0.506729  0.297252 -0.907116  0.297962
 0.799175  0.365474 -0.477229  0.178136 -0.918459  0.353131
   0.694366 -0.00273343   -0.719616 0.546664  0.70634 0.449714
 0.15714 0.759715 0.630983  0.770831 0.0746088 -0.632655
0.0456104 -0.678278 -0.733388  0.832555 0.0374333 -0.552677
0.655111 0.731963 0.187244  0.582021 -0.239926 -0.776973
 0.17939 0.720314  0.67005  0.703598 -0.325521 -0.631653
0.293791 0.700107 0.650797  0.597414 -0.522247 -0.608567
0.569225 0.553641 0.607836  0.599641 -0.387023 -0.700459
0.213124 0.715168 0.665667   0.68277 -0.352177 -0.640154
 0.973414  0.151296 -0.171975  0.248876 -0.287169 -0.924984
 0.804112  0.156904 -0.573398 0.131135 0.112961 0.984908
 0.862865  0.235986 -0.446961 0.0511416 0.334343 0.941063
 0.938326   0.28846 -0.190619  0.124206 -0.242857 -0.962078
  0.736405 0.00634077  -0.676512 0.331908 0.626073 0.705599
0.119604 0.713918 0.689939  0.765703 -0.114957 -0.632838
0.731772  0.56142 0.386416  0.524558 -0.295407 -0.798482
 0.938348  0.268431 -0.217828  0.296565 -0.428828 -0.853321
 0.367605 -0.196772 -0.908926    0.735764 -0.00678611    0.677204
 0.316627 -0.118022 -0.941179  0.764681 -0.130268  0.631105
 0.121496 -0.185792  0.975049  0.372208 -0.875373 -0.308517
 0.286614 -0.418055 -0.862022  0.704763 -0.179294  0.686413
 0.287439  -0.35086 -0.891221 0.701948  0.01878 0.711981
   0.934492    0.355975 -0.00247356 0.0942001 0.0665819  0.993324
 0.357731 -0.641435  0.678668  0.403805 -0.849862  0.338638
  0.375627 -0.0954317  -0.921845 0.703287 0.204135 0.680967
 0.206833 -0.258644  0.943569  0.446482 -0.815362  0.368562
  0.0633991 -0.00207221    0.997986  0.471759 -0.761007  0.445322
 0.0854491 -0.0797483   0.993146    0.4599 -0.726754  0.510216
 0.182092 -0.172001  0.968121  0.485331 -0.784177  0.386679
0.0720544 0.270311 0.960073  0.263335 -0.935632 -0.235046
 0.488179  -0.85226 -0.187973  0.395991 -0.621471  0.675992
0.0896106 -0.249326 -0.964265  0.488696 -0.778063  0.394708
 0.358101 -0.600848  0.714664  0.396463 -0.789179  0.469055
-nan -nan -nan -nan -nan -nan
 0.410514  0.145083 -0.900239  0.942212 -0.221996 -0.250906
 0.485668 0.0338677 -0.873487  0.561952 -0.550578  0.617312
0.0714395 -0.363306  0.928927  0.925607 -0.195084 -0.324335
-nan -nan -nan -nan -nan -nan
 0.0310518 -0.0721712  -0.996909   0.82507 -0.379135  0.418947
 0.372454 -0.384919 -0.844461  0.672065 -0.276932  0.686759
    0.211333 -0.000164416    -0.977414  0.858227 -0.153821  0.489679
0.0361891 -0.128378 -0.991065  0.405997 -0.745681  0.528324
 0.477586   0.12301 -0.869931  0.882043 -0.434157  -0.18305
0.0424451 -0.59276  0.80426  0.498637 -0.839944   0.21414
 0.326077  0.351802 -0.877445  0.945236 -0.158193 -0.285487
  0.10131 -0.622149  0.776316  0.520056 -0.823059  0.228291
 0.329934 -0.782128  0.528601  0.509564 -0.842467  0.174914
 0.294002 0.0972096 -0.950849  0.818774 0.0534077  0.571626
  0.30884 -0.761386  0.570008  0.512426 -0.839633  0.180099
 0.711819 -0.693223  0.112939   0.322614 -0.0227896  -0.946256
   0.6776 -0.711576  0.185793   0.30239  0.226088 -0.925983
 0.690491 -0.692477   0.20904   0.365227 -0.0710085  -0.928206
 0.720398 -0.690278 0.0674031    0.304476 -0.00565402   -0.952503
 0.673362 -0.595088  0.438696  0.449449 -0.391149 -0.803118
 0.633942 -0.309295   0.70884  0.473529 -0.551776 -0.686523
 0.704453 -0.646191   0.29357  0.383351 -0.548393 -0.743174
 0.720218 -0.555108  0.416101   0.41013 -0.519473 -0.749628
  0.716437  -0.696815 -0.0341624  0.259162 -0.446646 -0.856354
  0.731056   -0.68168 -0.0294958  0.255043 -0.424725 -0.868655
 0.725297 -0.685861 0.0594894  0.312848 -0.265826 -0.911846
  0.708888  -0.702952 -0.0577577   0.23825 -0.427854 -0.871882
 0.718795 -0.693513 0.0487137  0.318884 -0.280241 -0.905416
 0.724571 -0.684714  0.078512  0.351431 -0.297041 -0.887842
  0.713323  -0.700654 -0.0159656  0.270372 -0.461045 -0.845184
 0.710433 -0.694243  0.115372  0.361163 -0.321124 -0.875466
 0.294996  0.648735 -0.701513  0.980395 0.0345834 -0.193983
  0.37409  0.546964 -0.748924  0.965702 0.0321292 -0.257659
 0.202386  0.654435 -0.728529  0.926168  0.258086 -0.274963
0.0939569  0.612454 -0.784903    0.977257 -0.00281739   -0.212038
0.0845338  0.690752 -0.718133  0.822418  0.482177 -0.301885
 0.224019 -0.603576  0.765187  0.617724   0.67618 -0.401494
 0.113632  0.696341 -0.708658  0.840269  0.481385 -0.249433
0.0240552  0.664684 -0.746737   0.84088  0.471978 -0.264872
  0.10833   0.68688 -0.718652  0.942717  0.275197 -0.188549
0.0212448 -0.676566  0.736076  0.981341 0.0818468 -0.173983
0.0903273  0.694244 -0.714049  0.982238  0.062263 -0.177009
 0.088666 -0.675702  0.731823  0.963034  0.135326 -0.232921
0.0144646  0.675717 -0.737019  0.972026 0.0790788 -0.221162
0.0308309  0.645988 -0.762725  0.940684  0.242134 -0.237667
0.0417672   0.67475 -0.736863  0.929126  0.292617 -0.226054
 0.186302  0.693258 -0.696193  0.947481  0.249187 -0.200463
 0.234312  0.322318 -0.917175  0.927621 -0.372175 -0.031698
  0.872989 -0.0321359  -0.486681  0.388602 -0.292468  0.873757
 0.653686 -0.174616  0.736345  0.683014 -0.140693 -0.716727
 0.983034    -0.113 -0.144486  0.436007  0.160652 -0.885488
 0.492416 -0.080272   0.86665  0.611779 -0.340294 -0.714091
0.0425375  0.22905 0.972485  0.655066 -0.514929 -0.552936
 0.698987 -0.536443  0.472913  0.471056 -0.344651 -0.811987
 0.442067 -0.113614  0.889758   0.59232 -0.402185 -0.698144
 0.741609 -0.662492  0.105452     0.326012 -0.000770922    -0.945365
 0.724354 -0.682228 0.0993761  0.259166  0.280016 -0.924351
  0.810687  -0.585379 -0.0108469 0.173849 0.364253 -0.91493
 0.683648 -0.687827  0.243967 0.346346 0.193662  -0.9179
 0.520949 -0.571789  0.633774   0.661049 -0.0476174   -0.74883
 0.330521 -0.136805  0.933831  0.727044 -0.222469  -0.64955
 0.705879 -0.591697  0.389397  0.472994 -0.152689 -0.867735
   0.8089 -0.544795  0.221086   0.425722 -0.0578492  -0.903003
0.297157 0.861746 0.411208  0.358127 -0.747369 -0.559628
0.384852 0.799351 0.461439  0.413054  -0.68706 -0.597775
0.633947  0.74366 0.212324  0.395067 -0.677738 -0.620156
0.785245 0.600785 0.149826  0.360645    -0.713 -0.601304
0.424169 0.854223 0.300639  0.466008 -0.586271 -0.662663
 0.580657  0.808715 0.0939062 0.121295 0.875816 0.467154
0.0699692  -0.86816 -0.491328   0.658594   0.747912 -0.0829555
 0.894802  0.129486 -0.427274  0.472772 -0.581104 -0.662424
-nan -nan -nan -nan -nan -nan
-nan -nan -nan -nan -nan -nan
0.114741 0.888673 0.443953  0.316123 -0.791311 -0.523347
 0.625906 -0.484751 -0.610949  0.293716 -0.797254 -0.527368
0.501481 0.790186  0.35231  0.344206 -0.754337 -0.559015
0.558512 0.762017 0.327711  0.406633 -0.671252 -0.619735
 0.904517  0.188879 -0.382326  0.365948 -0.721709 -0.587553
0.213609 0.884335 0.415119  0.378695 -0.714375 -0.588437
 0.972912  0.156495 -0.170152 0.238421 0.293895 0.925625
0.899905 0.419649 0.118603 0.0149845 0.120194 0.992637
0.846544 0.434026 0.308194 0.0211044  -0.33647 -0.941458
0.945988 0.317487 0.065632 0.0874211 0.287879 0.953668
0.902943 0.371662 0.215781 0.0275441 0.534693 0.844598
0.924183 0.342448 0.169161 0.0777215 -0.637445 -0.766566
 0.781769 -0.322842 -0.533488 0.249317  0.57219 0.781307
  0.958714 -0.0699424  -0.275637 0.163625  0.58924 0.791216
 0.302392 -0.532944 -0.790272 0.598067 0.283868 0.749489
  0.31559 -0.534065 -0.784332  0.607278 0.0310098  0.793884
 0.297059 -0.412817  -0.86101 0.662687 0.149435 0.733836
 0.299167 -0.480314 -0.824499 0.625544 0.168128 0.761858
 0.334427 -0.349779 -0.875107 0.606323 0.336993 0.720283
0.862108 0.359207 0.357408 0.0528488 -0.456299 -0.888256
 0.252382 -0.496885 -0.830306 0.656937 0.392963 0.643439
 0.902916  -0.10914 -0.415729 0.277428 0.466354 0.839969
 0.476447 -0.838964  0.262939   0.71288 -0.701021 0.0192749
 0.412007 -0.811287  0.414804    0.722928   -0.690905 -0.00500307
 0.491745 -0.837589  0.237974  0.677009 -0.735695 0.0202928
0.0717315 -0.831115  0.551456  0.667213 -0.741865 0.0668056
-nan -nan -nan -nan -nan -nan
  0.105974 -0.0973546   0.989592  0.663877 -0.691662  0.284378
 0.283488 -0.506557  -0.81427  0.565296 -0.634967  0.526553
 0.299521  -0.45708 -0.837475   0.62221 -0.369269  0.690286
  0.45461 -0.157412  -0.87667   0.69559 -0.545276  0.467791
0.0955774 -0.694067  0.713538  0.513165 -0.829863  0.219062
 0.443388 -0.842683  0.305437  0.557482 -0.828501 0.0529205
 0.686068 -0.451414 -0.570557  0.490016 -0.822975  0.287397
-nan -nan -nan -nan -nan -nan
 0.147544 -0.808512  0.569684  0.630294 -0.770989 0.0911316
 0.145829 -0.106729 -0.983536  0.732075 -0.523478  0.435932
-nan -nan -nan -nan -nan -nan
0.896873 0.292945 0.331365  0.239648 -0.235175 -0.941945
0.933778  0.13843 0.329993  0.186984 -0.336447 -0.922952
0.889026 0.293845 0.351123 0.0484455 -0.469188 -0.881768
 0.84008 0.402963 0.363162  0.145383 -0.351203 -0.924943
  0.8596 0.370258 0.352133  0.129585 -0.559245 -0.818812
0.930525 0.289719 0.224024 0.0388299  -0.63906 -0.768176
0.795151   0.4283 0.429294    0.2113 -0.480628 -0.851087
0.806941 0.477499 0.347621  0.145712 -0.555204  -0.81885
0.899357 0.367962 0.236138 0.0121882 -0.333571 -0.942646
0.920772 0.366345 0.134052 0.0469124 0.125812 0.990944
0.891967 0.368028 0.262586 0.0464648 -0.200043 -0.978685
0.867169 0.448153 0.217204 0.0263873 0.243614 0.969513
 0.80714   0.4663 0.362064  0.013866 -0.321126 -0.946935
0.821903 0.467083  0.32605    0.2221 -0.430305 -0.874934
0.820886 0.476606 0.314632 0.0792135 -0.407215 -0.909891
0.859682 0.379971 0.341423    0.1425 -0.382293 -0.912987
 0.419465 -0.803941  0.421578  0.388752 -0.918256 0.0753495
 0.463918 -0.558212   0.68788  0.197904 -0.971044 -0.133821
 0.435486 -0.842314  0.317584  0.402598 -0.915265 0.0143233
  0.44224 -0.750038  0.491799  0.423468 -0.889603  0.171118
 0.314719 -0.463557  0.828292  0.452889 -0.881857  0.131222
 0.109146 -0.284087  0.952566   0.48467 -0.855463   0.18242
 0.385965 -0.604658   0.69672  0.489665 -0.867126 0.0912216
   0.4227 -0.702032  0.573128  0.483664 -0.875025 0.0200117
 0.428764 -0.672861  0.602843  0.487488 -0.870446  0.068403
 0.0350664 -0.0296918   0.998944  0.492998 -0.806037  0.327502
 0.391906 -0.666607   0.63407  0.457408 -0.856594  0.238798
 0.339337 -0.593279   0.72998   0.48352 -0.850966  0.205099
 0.408943 -0.733193  0.543318  0.451845 -0.869225  0.200707
   0.4356 -0.704217  0.560653  0.436271 -0.899149 0.0346166
 0.442718 -0.705096  0.553932  0.485997 -0.873496 0.0284743
 0.399731 -0.557922  0.727281  0.449583 -0.882447  0.138428
0.0950638 -0.69109  0.71649    0.97433 -0.0508977  -0.219294
 0.299692 -0.665977  0.683125  0.929423 0.0990849 -0.355463
 0.128579 -0.675733  0.725846    0.9584 -0.245958 -0.144821
 0.190019 -0.693561  0.694886   0.970966 -0.0354435  -0.236577
  0.08991  0.626227 -0.774439  0.860037 -0.509613  0.025139
0.0190414  0.666267 -0.745471  0.775335 -0.631161 0.0221909
 0.213158  0.653868 -0.725961   0.849313  -0.527631 -0.0165032
0.0419764 -0.724825  0.687653    0.83537  -0.549665 0.00506135
 0.355916  0.532228 -0.768151     0.8968  -0.439305 -0.0525379
0.0509053  0.572996 -0.817976  0.953421  -0.23664 -0.187055
 0.157403  0.636874 -0.754729  0.970054 -0.201981 -0.134907
 0.499546  0.521839 -0.691475   0.959368   -0.26633 -0.0931752
 0.288476  0.645838 -0.706876   0.967944  -0.243874 -0.0600897
 0.181331 -0.719492  0.670411  0.945962  -0.29445 -0.135847
 0.543465  0.498807 -0.675157    0.888568   -0.458706 -0.00599169
 0.134171  0.660863 -0.738416   0.935413  -0.346433 -0.0706153
  0.76029 -0.282241  0.585063  0.686327  0.615803 -0.386965
 0.739875 -0.379928  0.555193  0.593037  0.691481 -0.412506
  0.907529 -0.0316321   0.418797  0.710338   0.55638 -0.431117
 0.961514 -0.189744  0.198716  0.634842  0.650672 -0.416655
  0.900025 -0.0835372   0.427757  0.837876  0.302388 -0.454451
 0.466885 -0.355859  0.809557  0.922125 0.0483857 -0.383854
0.727627 -0.22561 0.647811  0.910755 0.0813256 -0.404859
 0.379659 -0.409831  0.829396  0.922619 0.0641619  -0.38034
 0.187011  0.433842 -0.881367  0.547318 -0.810487  0.208694
 0.249067 -0.389695  0.886624  0.425967 -0.797829  0.426638
 0.409897 -0.798281  0.441285   0.694164   -0.71976 0.00902385
0.0319281 -0.646811  0.761982 0.599486 -0.79208 0.115001
   0.999951  0.00795842 -0.00596614 0.0430481 -0.819228  0.571849
 0.863656 -0.338262  0.373733  0.797321  0.406782 -0.445878
-nan -nan -nan -nan -nan -nan
  0.894704 -0.0295165   0.445683  0.813569  0.398952 -0.423017
 0.670842 -0.311378  0.673064  0.581219  0.682079 -0.443794
 0.375602 -0.516626  0.769429  0.660898  0.655694 -0.365074
  0.22097 -0.558504  0.799528  0.824217  0.462407 -0.326874
 0.588142 -0.384106  0.711724  0.560361  0.687975 -0.461178
 0.131615 -0.539665  0.831528  0.925265  0.226346 -0.304389
0.0792824 -0.471841  0.878112   0.964199 -0.0304884   -0.26342
 0.395099 -0.425434  0.814189  0.884822  0.258015 -0.387967
 0.238656 -0.525579  0.816584  0.872028    0.2858 -0.397349
  0.957531 -0.0965971   0.271668  0.674318  0.571158 -0.468054
0.966751  0.20165 0.157254  0.580587  0.696401 -0.421834
 0.970184  0.230685 0.0743397   0.51151  0.719836 -0.469248
 0.96741 0.192741 0.164219  0.570523  0.700458 -0.428791
0.947741 0.264573 0.178292  0.516411  0.698071 -0.496001
 0.355479 -0.531924  0.768564 0.755211 0.505048 -0.41783
 0.935194 0.0234446  0.353358 0.697583 0.528521 -0.48378
 0.582462 -0.375458   0.72095  0.756748  0.495187 -0.426758
-nan -nan -nan -nan -nan -nan
 0.773684 -0.464039  0.431371  0.590982  0.722345 -0.359107
-nan -nan -nan -nan -nan -nan
 0.273594 -0.739764  0.614733  0.577927   0.72879 -0.367239
 0.512693 -0.828265  0.226102  0.643821 -0.765075 0.0124094
  0.33624 -0.492088   0.80299  0.437698 -0.808517  0.393346
 0.425501 -0.565944 -0.706156    0.46675 -0.0540689   0.882735
0.419758 -0.55581 -0.71755 0.443706 0.219278 0.868932
 0.505923 -0.598526 -0.621135 0.467064 0.202416 0.860743
 0.440626 -0.704849 -0.555911  0.451555 -0.149183  0.879683
 0.419078 -0.592137 -0.688293   0.499011 -0.0873094   0.862186
 0.406218 -0.581687 -0.704718    0.53711 -0.0228843   0.843202
 0.212798 -0.470099 -0.856577  0.446562 -0.144789   0.88296
  0.52564 -0.696483 -0.488482 0.375329 0.205943 0.903723
 0.491079 -0.532127 -0.689697  0.498659 0.0149131   0.86667
 0.284781  -0.60761 -0.741424 0.468758 0.116545 0.875604
 0.104507 -0.831321 -0.545878 0.0660476 0.860343 0.505418
  0.997916  0.0644837 -0.0024015 0.0233367 0.845989 0.532689
 0.119292 -0.822582 -0.555993   0.990776   0.131668 -0.0320344
  0.11348 -0.815645 -0.567314  0.995266 0.0437649 -0.086782
 0.977971 -0.120327 -0.170569 0.0293508  -0.79352 -0.607836
0.977029   0.1815 0.111682  0.113834 -0.728361 -0.675672
  0.999746 0.00173262  0.0224665  0.160146 -0.773601 -0.613103
   0.99588  0.0519114 -0.0743489 0.0443831 -0.784771 -0.618195
 0.906065 -0.393339 -0.155985   0.33012 -0.793141 -0.511809
0.403927 0.757919 0.512252 0.0400744 0.851781 0.522362
0.651519 0.645375 0.398766 0.0766652 -0.877549 -0.473319
  0.86544  -0.43453 -0.249393  0.545433 -0.724319 -0.421739
 0.782724  -0.50564 -0.362865 0.106786 0.892576  0.43807
  0.981297 -0.0874274  -0.171502 0.0195256  -0.83465 -0.550435
 0.858191 -0.401542 -0.319799   0.12689 -0.819032  -0.55954
 0.820105 -0.457908 -0.343145  0.129813 -0.821932 -0.554596
0.853392 0.435749 0.286086  0.0858506 -0.0792364  -0.993152
0.888876  0.42987 0.158467    0.019467 -0.00947636   -0.999766
0.873279 0.444263 0.200038  0.196822  0.194947 -0.960863
 0.88839 0.372196 0.268762  0.183551 0.0712238 -0.980426
0.903099 0.403768 0.146231  0.199477  0.312528 -0.928728
 0.948879   0.31476 0.0235477  0.203776  0.408966 -0.889506
0.945598 0.272162  0.17825  0.219095  0.226989 -0.948933
0.971862 0.192361  0.13595 0.205132 0.321741 -0.92434
0.928296 0.262845 0.263018  0.262163 0.0418089 -0.964117
0.877633 0.281653 0.387855  0.218253 -0.192774 -0.956663
0.815762 0.389755 0.427345  0.152765 -0.124954 -0.980331
0.968205 0.154732 0.196565   0.32604 -0.075892 -0.942305
0.889092 0.316922 0.330268   0.221405 -0.0138162  -0.975084
0.923521 0.324353 0.204708  0.213993  0.208825 -0.954253
0.946876 0.178477  0.26753   0.23696   0.12379 -0.963601
 0.89268 0.390906 0.224309  0.228081  0.116239 -0.966679
 0.167083 -0.317222 -0.933517  0.706051 -0.465513  0.533657
 0.807445  0.140972 -0.572852 0.440814 0.132483 0.887768
 0.297967  -0.51783 -0.801915  0.610196 -0.499593  0.614872
 0.155381 0.0155757  0.987732  0.398953 -0.872002 -0.283635
0.673742 0.598917 0.432864 0.0777377 0.758389  0.64715
 0.546926 -0.652396 -0.524643 0.187479 0.70928 0.67954
  0.996312 -0.0610759 -0.0602737 0.0885659 0.797649 0.596584
 0.574139 -0.698753 -0.426742 0.142087 0.746855  0.64963
0.0189352 0.851291 0.524352 0.977537 0.121241 0.172401
0.894541 0.396962  0.20547   0.30941 -0.804026 -0.507747
0.0463529 0.838954 0.542224 0.0421113 -0.879178 -0.474628
0.0604606 0.822747 0.565184  0.374354 -0.779085 -0.502878
 0.558435 -0.829549         0  0.558435 -0.829549         0
  0.79429 -0.607539         0   0.79429 -0.607539         0
0.339566 0.782275 0.522246 0.0719156 -0.851882 -0.518772
0.383332 0.723536 0.574066 0.0155075  -0.85472 -0.518857
0.839615 0.241323  0.48663 0.0732494 -0.762583  -0.64273
-nan -nan -nan -nan -nan -nan
 0.975688 -0.217423 0.0275784  0.122206 -0.719605 -0.683545
0.873236 0.322181 0.365593 0.0340735 -0.772882 -0.633634
  0.947776 0.00547497    0.31889  0.048632 -0.605025  -0.79472
  0.936654 -0.0187853   0.349752 0.0674189 -0.427069 -0.901702
0.957719 -0.16907 0.232787 0.0612068 -0.517168 -0.853692
0.922689 0.159444  0.35103 0.000499086 0.537378 0.843342
 0.969842 -0.220446  0.103972  0.132269 -0.628385 -0.766575
   0.6613 -0.628035 -0.410188  0.194503 -0.719338 -0.666874
0.695613  0.38352 0.607483 0.396273 0.592079 0.701719
 0.950219 0.0682971  0.304004 0.0943062 -0.715945 -0.691757
  0.977812 -0.0246353   0.208029  0.833177 -0.489612 -0.257092
0.957743 0.119768 0.261504 0.0188997 -0.679232  -0.73368
  0.98797 -0.103955  0.114497 0.094166 0.607958 0.788365
 0.968807 -0.192711  0.155807  0.138459 -0.675127 -0.724591
 0.568039 -0.540421 -0.620707 0.456576 0.269173 0.847989
 0.425509 -0.524692 -0.737319  0.547764 0.0814115  0.832663
 0.421026 -0.524389 -0.740103 0.533154  0.31997 0.783177
 0.393358 -0.578863 -0.714274 0.519264 0.227949 0.823653
 0.503457 -0.502112 -0.703146 0.436393 0.541992 0.718196
 0.996293 0.0843636 -0.016801 0.00823853 0.679737  0.73341
 0.666809 -0.476441 -0.573036   0.1957 0.683298 0.703424
 0.950013 -0.140241 -0.278941 0.0679798 0.683398 0.726874
 0.768015 -0.457372  -0.44829 0.195421 0.652898 0.731803
 0.527328 -0.573441 -0.626969 0.239656 0.61974 0.74732
 0.619431 -0.540802 -0.569068 0.352667 0.465445  0.81178
 0.648045 -0.581362 -0.491992 0.227624 0.629672 0.742766
 0.572419 -0.593696 -0.565563 0.343674 0.472855 0.811355
 0.416528 -0.579746 -0.700285 0.454539 0.466984 0.758499
 0.541626 -0.606658 -0.581899 0.255381 0.644312 0.720863
 0.646771 -0.517046  -0.56067 0.332373 0.512422 0.791803
  0.33527 -0.586801  0.737061   0.805245  -0.587446 -0.0805414
 0.439117 -0.545882  0.713575  0.832257   -0.4805 -0.276529
0.00413852 -0.254717  0.967007  0.687125 -0.689719  0.228358
  0.25766 -0.501296  0.826023  0.787227 -0.616419 0.0173333
0.0145299 -0.175358  0.984398  0.597904 -0.753163   0.27433
0.0816751 -0.171511  0.981791  0.54237 -0.79107 0.282917
  0.40212 -0.651729  0.643078   0.620749  -0.783915 -0.0121422
 0.290446 -0.507188  0.811419  0.599964 -0.786365   0.14722
 0.32141 -0.65259 0.686164  0.668565 -0.742694 0.0377638
 0.233479 -0.717466  0.656301  0.720054 -0.692679 0.0414464
 0.264054 -0.619931  0.738892  0.759564 -0.649798 0.0287291
 0.276498 -0.658001  0.700416   0.72029 -0.692468 0.0408703
 0.348638 -0.621079  0.701935   0.777595  -0.626182 -0.0569376
 0.255158 -0.492066  0.832325 0.678814 -0.72465  0.11872
  0.29992 -0.591212  0.748676  0.657486 -0.747657 0.0933942
 0.323481 -0.582384  0.745781 0.693017 -0.71977 0.040715
 0.284409 0.0573239 -0.956988  0.824554 -0.255138  0.504991
   0.10109 -0.0283468   0.994473  0.567883 -0.477521 -0.670435
 0.518546 -0.723771 -0.455264  0.37569 0.162764  0.91234
  0.36686 -0.823039 -0.433613 0.0849017  0.50263 0.860323
 0.514935 -0.765328 -0.386154 0.290353 0.454873 0.841894
 0.391073 -0.736254 -0.552261 0.204061 0.624391 0.753986
 0.778032 -0.628224        -0  0.778032 -0.628224        -0
 0.328536 -0.738209 -0.589161 0.199969 0.626307 0.753493
 0.183467 -0.262409  0.947355  0.451059 -0.715252  0.533817
 0.313359 -0.532443 -0.786327  0.628762 -0.264203  0.731338
 0.132248 -0.296479 -0.945839 0.623402 -0.58927 0.513937
  0.21469 -0.336577 -0.916856  0.638568 -0.598825  0.483363
0.0493634 0.0852174 -0.995139  0.861423 -0.408783  0.301408
 0.816377 -0.562232  0.132001 0.0254598 -0.650122 -0.759404
 0.0228242 -0.0138648  -0.999643  0.824632 -0.423647  0.374839
 0.264202 -0.280548  0.922762   0.903921  -0.427643 0.00690581
0.353104 0.669297 0.653726  0.276941  -0.85058 -0.447009
 0.80235 0.183858  0.56783  0.275173 -0.847518 -0.453865
  0.678236  -0.731269 -0.0723975  0.080731 -0.852713 -0.516104
0.397914 0.625851 0.670802   0.35289 -0.843639  -0.40465
0.791741 0.216154 0.571334  0.129528 -0.867814 -0.479711
0.724108 0.145775 0.674105   0.470168   -0.87862 -0.0834852
0.277999 0.744195 0.607363  0.320386  -0.88642 -0.334085
0.211517 0.751733 0.624627  0.227765 -0.877951 -0.421099
0.865388 0.100626 0.490895 0.0180577 -0.835884  -0.54861
  0.55617 -0.777285 -0.294113 0.088361 0.781824 0.617206
0.491356 0.583478 0.646624  0.259976 -0.847868 -0.462096
  0.90729 0.0289473  0.419508  0.130315 -0.844661 -0.519198
0.483598 0.596037 0.640993  0.253343 -0.849666 -0.462478
0.851294 0.100077 0.515057  0.184019 -0.864028 -0.468607
0.369583 0.692096 0.620009  0.182047 -0.862701 -0.471811
0.627861 0.451768 0.633795  0.205265 -0.863886 -0.459964
 0.689014 -0.691586  0.216722  0.306524  0.521395 -0.796361
 0.656744 -0.715799  0.237316   0.26998  0.419633 -0.866613
 0.715516 -0.671167  0.193836  0.250287  0.424681 -0.870059
 0.717178 -0.669821  0.192342  0.273638  0.408763 -0.870652
 0.773228 -0.620078  0.132742  0.267371  0.415698 -0.869315
  0.858668  -0.506207 -0.0802795  0.151643  0.501002 -0.852057
 0.881055 -0.448881 -0.149156 0.118176 -0.70971 0.694512
 0.785381 -0.612518 0.0894365  0.199847  0.461634 -0.864266
  0.90036 -0.387561 -0.197861 0.0181685 -0.744642  0.667217
 0.924725 -0.298414 -0.236288 0.0292773   0.77348 -0.633144
 0.729744 -0.657081  0.188994  0.177371  0.673383 -0.717701
 0.802301 -0.593196 0.0665761 0.0899636  0.711543 -0.696859
 0.701443 -0.667995  0.248516  0.153023   0.60273 -0.783135
 0.745953 -0.643722  0.170811  0.275238  0.402501 -0.873062
   0.820368   -0.571836 0.000346682 0.0203908  0.661117 -0.750005
 0.781209 -0.614677  0.109022 0.0603924  0.638905 -0.766911
   0.80335  -0.594818 -0.0286358 0.0915484 -0.776818 -0.623035
 0.582791 -0.750576 -0.311432 0.905996 -0.15931 0.392164
 0.734922 -0.665836 -0.128657 0.0810972  -0.72323 -0.685829
  0.810432   -0.58508 -0.0296819 0.00607676  0.75334 0.657603
 0.710965 -0.681823 -0.172182  0.165868 -0.668047 -0.725397
 0.717854 -0.682205 -0.138858 0.0900962  -0.48285 -0.871056
 0.681531 -0.708807 -0.181956  0.130365 -0.640473 -0.756835
 0.720455 -0.671908 -0.171711  0.165951 -0.662155 -0.730761
 0.672215 -0.719907 -0.172806 0.0885332 -0.718098 -0.690288
 0.646218 -0.735394 -0.203958 0.0939853 -0.783417 -0.614348
 0.724961 -0.676844 -0.127727 0.0531585 -0.765519 -0.641214
   0.6257 -0.748358 -0.220137 0.0785176 -0.777943  -0.62341
  0.799759  -0.599554 -0.0303355  0.104443 -0.780292 -0.616633
  0.780559  -0.619561 -0.0828999  0.157533 -0.734716 -0.659831
 0.672781 -0.715426 -0.188495  0.067043 -0.713996 -0.696933
 0.688947 -0.696913 -0.199156 0.0567251 -0.702303 -0.709614
0.621226  0.45693 0.636626  0.471291 -0.652607 -0.593286
0.353269 0.671093 0.651793  0.515029 -0.648618 -0.560393
0.477664 0.591439 0.649644   0.43104 -0.734345 -0.524349
0.378842 0.655068 0.653731  0.495026 -0.658928 -0.566359
0.508865 0.543453  0.66762  0.355446 -0.787539 -0.503429
 0.915931 -0.333999  0.222519  0.220639 -0.809975 -0.543378
 0.917967 -0.283902  0.277014  0.262744 -0.767041 -0.585332
 0.934036 -0.309998  0.177421  0.229202 -0.793932  -0.56315
0.297993 0.507448 0.808515  0.460533 -0.709339 -0.533616
0.271865 0.401224 0.874705  0.531581 -0.614289 -0.583156
0.575025 0.381572 0.723705  0.483811 -0.629249 -0.608254
0.679406 0.256683 0.687402  0.444079 -0.643443 -0.623518
0.713411 0.393778  0.57964  0.435538 -0.660181 -0.611938
0.523952 0.555573  0.64561  0.398792  -0.74281 -0.537772
   0.896404 -0.00908767    0.443144  0.313724 -0.740455 -0.594393
 0.39621 0.574859  0.71593   0.43913 -0.722652 -0.533796
 0.201357  0.837677 -0.507694  0.529681 -0.776838  0.340531
 0.800616  0.466578 -0.375925  0.226676 -0.841632  0.490177
 0.811174  0.399312 -0.427255 0.190259 -0.85979 0.473881
  0.40636  0.749251 -0.522967  0.398194 -0.821699   0.40774
   0.91092  -0.405595 -0.0756114 0.0248872 -0.865786  0.499796
 0.761339 -0.645159 0.0642897 0.0574328  0.856317 -0.513248
  0.839957  -0.542492 -0.0132184 0.00580124 0.885701 -0.46422
 0.933524 -0.297308 -0.200351 0.0387922 -0.874078  0.484235
0.918293 0.147397 -0.36744 0.0924983 -0.902404  0.420846
 0.614529 -0.765227  0.191786  0.132871  0.880939 -0.454194
 0.189023  0.850033 -0.491645  0.493154 -0.815788   0.30214
 0.877688  0.263774 -0.400109  0.158189 -0.902681   0.40018
 0.360323  0.779676 -0.512125   0.35704 -0.859244  0.366363
0.719231 0.479153 -0.50311 0.215115 -0.87279 0.438137
 0.660462  0.549226 -0.511996  0.226156 -0.893824  0.387211
 0.775622  0.435212 -0.457165  0.183505 -0.885614  0.426631
 0.783119 -0.609883 -0.121518  0.231107 -0.350814  -0.90748
  0.79912 -0.601041 0.0125286   0.165941 -0.0518751   -0.98477
 0.785089 -0.608329  0.116494  0.293557  -0.29687 -0.908676
  0.863128  -0.504174 -0.0286041  0.143391 -0.179543 -0.973244
  0.773804  -0.631236 -0.0526199  0.226424 -0.344802 -0.910958
 0.730602 -0.651931 -0.202994  0.068243 -0.349326 -0.934513
  0.765464  -0.642357 -0.0379815  0.244391 -0.563281 -0.789296
  0.838418   -0.54495 0.00917287  0.280508 -0.464412 -0.840022
 0.677241 -0.720464 -0.149251  0.197408 -0.664909 -0.720366
  0.80547 -0.591877 -0.029989 0.073955 0.652818 0.753896
 0.707285 -0.659387 -0.254866  0.220105 -0.548252 -0.806829
  0.878776  -0.471847 -0.0715033 0.0434467 -0.599973  -0.79884
 0.832446 -0.533933 -0.148152   0.24922 -0.457094 -0.853788
0.831391 -0.51225 0.215381  0.330748 -0.387108  -0.86067
 0.846649 -0.469779  0.249986  0.327148 -0.581957 -0.744514
  0.752232  -0.658208 -0.0301451  0.258682 -0.494952 -0.829522
 0.912685 -0.311969  0.263972 0.123436 0.788783  0.60215
0.0938782 -0.805425 -0.585216  0.843481 -0.535298 0.0446681
 0.831997 -0.553833 0.0323966 0.103922 0.763301  0.63763
 0.881273 -0.465762  0.080147  0.093864 -0.812373 -0.575534
     0.788  -0.614783 -0.0331329 0.0677984 0.779952 0.622156
 0.555988 -0.782769 -0.279551 0.151994 0.748578  0.64539
 0.841369 -0.538717 0.0433703 0.0631582 0.817571 0.572354
  0.779908  -0.624405 -0.0431363 0.0698753  0.77884 0.623318
0.588203 0.563123 0.580439 0.0897646 -0.885118 -0.456628
0.355378 0.752376  0.55465  0.136483 -0.916174 -0.376826
0.772742 0.297603 0.560626 0.032632 0.869547 0.492771
0.763412 0.314176 0.564354 0.0256503 0.871354 0.489983
  0.908466 -0.0125667    0.41777 0.0123459  0.83225 0.554263
 0.841065 -0.539897 0.0334842 0.0554375 0.783213 0.619277
 0.913391 -0.333955   0.23279 0.122685 0.799527 0.587966
 0.920401 -0.299232  0.251638 0.112972 0.804404 0.583242
 0.643899 -0.735419 -0.211074  0.198205 -0.572193 -0.795808
 0.744676 -0.232499  0.625621  0.407751 -0.634695 -0.656431
 0.557048 -0.731887 -0.392479 0.00252496 -0.597755 -0.801675
 0.778753 -0.413086  0.472127  0.379814 -0.666449 -0.641551
 0.565475 -0.759141 -0.322402 0.0566985 -0.712307 -0.699574
 0.537241 -0.784932 -0.308631  0.064604 -0.777923 -0.625029
 0.608901  -0.75788 -0.234219 0.0681168 -0.716908 -0.693832
 0.705045 -0.700303 -0.111741   0.15275 -0.749629 -0.643991
 0.649798 -0.734418 -0.195939 0.0880469 -0.632196  -0.76979
 0.680189 -0.712744 -0.171285 0.0750157 -0.491212 -0.867804
  0.706767  -0.704578 -0.0636448  0.227143 -0.589697 -0.775025
  0.710894  -0.700391 -0.0638929  0.214237 -0.578651 -0.786934
  0.693238  -0.715791 -0.0840525  0.251261 -0.602129 -0.757832
    0.7227  -0.685303 -0.0898008  0.199756 -0.695128 -0.690576
   0.6777 -0.722306 -0.137826  0.145617  -0.66013 -0.736902
 0.615457 -0.751573 -0.237385 0.0855088 -0.63371 -0.76883
0.571406 0.759755  0.31027   0.59545 -0.316315 -0.738501
 0.865147  0.485325 -0.126416  0.583887  -0.36226 -0.726529
0.675816 0.697491 0.238283  0.497269 -0.527752 -0.688623
0.528983  0.81267 0.244427  0.589811 -0.351835 -0.726867
0.643501 0.703757 0.301053  0.451727 -0.604006 -0.656597
0.518534 0.729104 0.446688 0.414314 -0.65519 -0.63172
0.224794 0.788385  0.57264  0.543604 -0.523963 -0.655711
0.070756 0.800515 0.595121  0.540497 -0.540985 -0.644359
0.202251 0.803171 0.560367  0.622593 -0.360141  -0.69475
0.285698 0.809432 0.513027  0.704237 -0.110446 -0.701322
0.179242  0.79902 0.573968  0.701746 -0.152941 -0.695817
0.264124 0.834678 0.483271   0.68576 -0.167474 -0.708297
 0.24168 0.824527 0.511611  0.668773 -0.213165 -0.712252
0.346304 0.833865 0.429817  0.524306 -0.502476 -0.687474
0.109751 0.805018 0.583009  0.624315  -0.36891 -0.688575
0.355045 0.789947 0.499927  0.556639 -0.444765 -0.701668
 0.352186  0.810498 -0.468037  0.528412 -0.726077  0.439991
 0.594251  0.718759 -0.360904  0.439829 -0.780644  0.444011
 0.304704  0.836168 -0.456047  0.626209 -0.618431  0.474768
 0.505273  0.756595 -0.415046  0.485099 -0.748234  0.452576
0.0396954  0.837009 -0.545748  0.871213 -0.230462  0.433446
 0.139902 -0.778097  0.612366 0.920744 0.310262 0.236577
0.0487932  0.836016 -0.546531   0.943061 -0.0605779   0.327057
 0.136294  0.848531 -0.511291  0.847389 -0.281267  0.450356
 0.272082  0.834581 -0.479005 0.696931 -0.55544 0.453624
 0.574178  0.704571 -0.417013  0.366736 -0.790516  0.490498
 0.313444    0.8243 -0.471469   0.52638 -0.721068  0.450538
 0.236531  0.839727 -0.488785  0.575851 -0.690248  0.438125
 0.389891  0.791398 -0.470822  0.524409 -0.723351  0.449175
 0.330001  0.822857 -0.462606  0.643031 -0.595593  0.481435
 0.177935   0.84453 -0.505082 0.716472 -0.53786 0.444268
 0.147582  0.841384 -0.519896 0.757538  -0.4911 0.430067
 0.60584 0.550552 0.574325  0.569176 -0.400868 -0.717874
0.289623 0.698731 0.654136  0.593546 -0.525791   -0.6093
0.527379   0.5407 0.655374  0.543711 -0.536123 -0.645717
0.505796 0.548409 0.665896   0.55826 -0.530298 -0.638068
0.904055 0.148417 0.400821  0.446944 -0.533435 -0.718115
 0.950805 -0.152136  0.269859  0.423976 -0.488432 -0.762679
    0.9559 -0.0737052   0.284293  0.460997 -0.337948 -0.820532
 0.932779 -0.142728  0.330987  0.432875 -0.493805 -0.754172
 0.834464 0.0535805  0.548451  0.543012 -0.139657  -0.82803
 0.977501  0.124973 -0.169925   0.44056 0.0139397 -0.897615
0.876239 0.339186 0.342283  0.479293 -0.205348 -0.853294
 0.959581 0.0744454  0.271409  0.486298 -0.121901 -0.865248
0.785395 0.297282 0.542934  0.534422 -0.376122 -0.756918
0.826203 0.209259 0.523068  0.483802 -0.531695 -0.695152
0.935642 -0.05513 0.348618  0.483325 -0.339311  -0.80701
0.860295 0.259488 0.438816  0.493071   -0.3851 -0.780115
-nan -nan -nan -nan -nan -nan
-nan -nan -nan -nan -nan -nan
0.0459524  0.911204 -0.409383  0.849069  0.476655 -0.227777
 0.133176 -0.810438  0.570487  0.825464  0.425939 -0.370384
0.0669535 -0.919745  0.386764  0.715272  0.591356 -0.372402
 0.235174 -0.907166  0.348916  0.404435  0.795182 -0.451794
0.0209054  0.908978 -0.416319  0.814595  0.365695 -0.450226
0.0933746 -0.911798  0.399883   0.63038  0.636568 -0.444299
0.0708823 -0.918321  0.389438   0.89472 0.0734522 -0.440546
-nan -nan -nan -nan -nan -nan
-nan -nan -nan -nan -nan -nan
 0.137193 -0.833436  0.535315  0.911037 0.0889602 -0.402614
 0.414779 -0.841814  0.345409  0.844201  0.286802 -0.452845
0.0192354  0.887046 -0.461279  0.751823  0.522238 -0.402529
 0.118176  0.881886 -0.456412   0.950294 -0.0392467  -0.308869
 0.143913   0.87641 -0.459558  0.932802 0.0756271 -0.352365
-nan -nan -nan -nan -nan -nan
  0.27316   0.87747 -0.394246  0.466064 -0.782556  0.412783
0.0552068 -0.917689  0.393445  0.416102 -0.819179  0.394721
0.0346716 -0.913302  0.405804  0.475014 -0.779939    0.4075
-nan -nan -nan -nan -nan -nan
 0.872504 0.0200997 -0.488193   0.886883  -0.458759 -0.0545852
 0.466057  0.130506 -0.875077   0.874659  -0.478499 -0.0775283
 0.743674  0.259957 -0.615931  0.798117 -0.601897 0.0270037
  0.88839 -0.382467 -0.253933  0.720098 -0.692197 0.0481914
 0.356721 -0.581619 -0.731074  0.520834 -0.713702  0.468361
 0.524845 -0.832067   0.17945  0.262996  0.224732 -0.938258
 0.726248 -0.586665 -0.358312  0.522305 -0.832414   0.18516
 0.463343 -0.837602  0.289372  0.608844 -0.790656 0.0645924
-nan -nan -nan -nan -nan -nan
  0.14797 -0.775332  0.613975  0.749322 -0.661765 0.0241465
  0.27772  0.646108 -0.710927   0.771819  -0.635822 0.00510187
 0.179684 -0.482903 -0.857041 0.654773 0.671257  -0.3474
0.0131271  -0.58659 -0.809778  0.665733  0.622525 -0.411415
0.122852 0.737114 0.664507  0.707191  0.506353 -0.493445
0.182707 0.776777  0.60269  0.658758  0.638253 -0.398335
0.155139 0.773564 0.614435   0.74019  0.391293 -0.546817
0.167146  0.77582 0.608412  0.757009  0.223743 -0.613903
0.184101 0.755862 0.628315   0.73333  0.481984 -0.479497
0.304482 0.832891 0.462151  0.733833  0.363268 -0.574043
0.330166 0.781863 0.528849  0.675955  0.593738 -0.436532
0.494152 0.832233 0.251398  0.591326  0.637601 -0.493759
0.490704 0.849022 0.195885  0.632409    0.5992 -0.490936
0.441439 0.845521 0.300377  0.632347   0.59846 -0.491918
0.495708 0.858594 0.130727  0.661908  0.485372 -0.571219
0.307707 0.843493 0.440268  0.701687  0.503585 -0.504022
0.451327 0.846363 0.282795  0.687169  0.428065 -0.586992
0.0247622 0.676148 0.736349  0.689476  0.623824 -0.368057
 0.221889  0.910763 -0.348247 0.550561 0.827778 0.108014
 0.226877 -0.591903   0.77342 0.527224 0.849601 0.014588
 0.239396   0.89244 -0.382413 0.660369 0.730074 0.175797
0.0399802  0.792053 -0.609141  0.564494  0.820416 0.0909122
0.0148193  0.861658 -0.507273  0.76103 0.611293 0.217151
 0.179522 -0.797943  0.575377 0.854785 0.448514 0.261108
 0.217773 -0.793328  0.568511 0.732065  0.64745 0.211869
  0.11053 -0.796331  0.594677 0.758277 0.612393 0.223588
  0.26834  0.923101 -0.275461 0.659306 0.726893 0.192201
 0.199185 -0.806379  0.556847 0.539917 0.835409 0.102862
 0.137569  0.915937 -0.377006 0.556704 0.822703 0.115068
  0.687287 -0.0105207    0.72631 0.546107 0.831873 0.098769
   0.3317  0.922798 -0.196008 0.589731 0.790531 0.165159
 0.174625  0.887515 -0.426407 0.673273 0.713837 0.192719
 0.228504  0.926172 -0.299985 0.661139 0.723643 0.198078
 0.100992 -0.833404  0.543359 0.621013 0.771975 0.135635
0.515838 0.800183  0.30597 0.682573 0.519121  -0.5144
0.351686 0.798061 0.489301  0.650357  0.649682 -0.393636
0.461489  0.75846 0.460181   0.62715   0.66464 -0.406123
0.574352 0.741137 0.347615  0.645417  0.637792 -0.420306
  0.161707 -0.0904886  -0.982681   0.58626  0.730668 -0.349891
 0.487993  0.867884 0.0929502 0.236914 0.752904 0.614009
   0.486326    0.873761 -0.00542335 0.116272 0.825969 0.551595
 0.581252  0.806022 -0.111694  0.584428  0.719071 -0.376007
 0.537153  0.842442 0.0419398 0.0179231 0.770416  0.63729
 0.668517  0.743535 0.0155328 0.0162535 0.749321 0.662008
 0.674771  0.737479 0.0284354  0.725347   0.31306 -0.613078
0.0918058 0.611562 0.785852  0.736267  0.356777 -0.574997
0.575248 0.695402 0.430703  0.678597  0.538586 -0.499431
0.385954 0.489184 0.782137  0.623199  0.668509 -0.405856
0.244034 0.713743  0.65652  0.662454  0.588953 -0.462913
 0.611258  0.788136 0.0721553  0.659781  0.580468 -0.477227
0.0740881 -0.897566  -0.43461  0.524101 -0.766857 -0.370471
-nan -nan -nan -nan -nan -nan
 0.965862 -0.207524  0.155061 0.370535 0.775238 0.511575
 0.277325 -0.802228 -0.528698 0.627965 0.610471 0.482685
-nan -nan -nan -nan -nan -nan
0.421808 0.454997 0.784255 0.135301 0.719018 0.681694
  0.21376 -0.878776 -0.426684 0.744766 0.323642 0.583592
0.0224948 0.767129 0.641099 0.777703 0.265108 0.569997
 0.179104 -0.878315 -0.443266  0.927381 -0.234579  0.291441
0.297849 0.739732 0.603393  0.388065 -0.834003  -0.39223
0.352365  0.76736 0.535721  0.297861  -0.86061 -0.413072
0.514311  0.62845 0.583554  0.294638 -0.862484 -0.411472
  0.29255 -0.867434 -0.402458 0.293403 0.802332 0.519787
 0.596014 -0.764777 -0.244713 0.655235 0.555329  0.51213
 0.342352 -0.862373 -0.372971 0.214071 0.783921 0.582788
  0.24408 -0.883665 -0.399452  0.947809 0.0473056   0.31531
 0.345486   0.83281 -0.432512  0.222378 -0.891066  0.395664
 0.559988 -0.799288  0.218063 0.0578841  0.906591 -0.418021
0.265702 -0.90717 0.326261  0.229758  0.879456 -0.416855
 0.472225  0.763979 -0.439704  0.194518 -0.913082  0.358391
0.0451535 -0.923471  0.381001   0.98947 0.0820855 -0.119207
-nan -nan -nan -nan -nan -nan
0.00275128  0.918867 -0.394558  0.273495 -0.887768  0.370228
 0.541985 -0.791193  0.283312   0.13732 -0.918431  0.370982
0.0301469  0.911732 -0.409677    0.3549 -0.854854  0.378512
 0.204258  0.878853 -0.431157  0.429766 -0.812473  0.393939
0.861797 -0.46083 0.211996 0.0715741 -0.905662  0.417915
 0.978412  0.165801 -0.123372 0.217759 -0.88776  0.40554
  0.50904 -0.786394  0.349948 0.0057403 0.910072 -0.41441
0.0604483  0.928111 -0.367364   0.23727 -0.909646  0.340951
 0.762899  0.577794 -0.290066  0.200205 -0.902392  0.381585
 0.671564  0.686291 -0.279298  0.141927 -0.910217  0.389053
  0.403994   0.910689 -0.0862265 0.555788 0.652956 0.514538
0.0686717 0.783141 -0.61804 0.512787 0.857376 0.044222
 0.144985  0.874293 -0.463239  0.505695  0.858961 0.0803691
0.155146 0.861469 -0.48353  0.486605  0.872565 0.0429506
0.673745 0.183918  0.71571   0.47033  0.881832 0.0340893
0.613274 0.753196 0.237888  0.366259 -0.666171  0.649669
  0.16878   0.94526 -0.279279 0.523259  0.84132 0.135576
0.519573 0.847318 0.109987   0.421761   0.906603 -0.0137371
0.615824 0.593851 0.517784  0.46879 0.875619 0.116306
0.351375 0.601233 0.717673   0.415872   0.909312 -0.0141975
   0.38145   0.923154 -0.0477799 0.382124 0.344825 0.857366
  0.468985   0.883203 0.00235584  0.334734  0.845197 -0.416647
 0.343362   0.91323 -0.219347 0.474943 0.873417 0.107574
0.0891161  0.875005 -0.475841  0.471623  0.880812 0.0417361
 0.426994  0.903949 0.0235134  0.274535  0.937286 -0.214767
0.625881 0.334243 0.704666   0.414682   0.909411 -0.0318062
0.886244  0.24571 -0.39268  0.175054 -0.837249  0.518045
 0.817461  0.427118 -0.386429  0.251826 -0.815115    0.5217
  0.992745 -0.0865867 -0.0834238  0.050244 -0.763688  0.643628
 0.928751  0.220054 -0.298325  0.145302 -0.823494  0.548402
  0.978454 -0.0176998  -0.205706 0.0756553 -0.640892  0.763894
 0.683478  0.236691 -0.690532  0.261285 -0.493905   0.82933
  0.918411 -0.0497024  -0.392494  0.145886 -0.654802  0.741587
  0.966612 -0.0517285  -0.250967 0.0962783 -0.626457  0.773487
 0.929115 -0.178004 -0.324129 0.0431584  -0.7784 0.626283
  0.855701  -0.513763 -0.0618338 0.0551387  0.822065 -0.566718
 0.950001 -0.192006 -0.246236 0.0555446 -0.840277  0.539304
  0.874342  -0.484021 -0.0353556 0.0424659   0.82048 -0.570096
 0.958837 -0.260531 -0.112937 0.0347693 -0.827819  0.559917
  0.982699 -0.0762884  -0.168768 0.0604516 -0.750093  0.658564
  0.953919 -0.0575813  -0.294489 0.0571354 -0.762634  0.644302
  0.951298 -0.0500812  -0.304178 0.0896149 -0.766041  0.636515
  0.32869  0.862202 -0.385449   0.60918 -0.632884  0.477868
 0.158585  0.889197 -0.429161 0.525475 -0.73761 0.424038
0.140564 0.920549 -0.36446  0.583921 -0.671021   0.45691
 0.268796  0.883077 -0.384609  0.584822 -0.668697  0.459159
 0.495205 -0.833841  0.243886  0.606373 -0.792214 0.0686191
  0.188808 -0.0469504  -0.980891  0.715123 -0.569021  0.405972
-nan -nan -nan -nan -nan -nan
 0.774423 0.0910294 -0.626086   0.81895 -0.573488 -0.020823
 0.228451  0.914228 -0.334659  0.865081 -0.092242  0.493078
 0.128407  0.871637 -0.473033  0.902136 0.0436119  0.429241
 0.387903  0.850238 -0.355845  0.731122 -0.436951   0.52396
0.0483686 -0.844221  0.533808  0.907487 0.0554045  0.416411
 0.372565  0.862779 -0.341772  0.702818 -0.496479  0.509466
-nan -nan -nan -nan -nan -nan
-nan -nan -nan -nan -nan -nan
 0.253421  0.912366 -0.321506  0.726136 -0.471311  0.500592
 0.520225  0.765428 -0.378795 0.784011 -0.22329 0.579197
 0.526081  0.721114 -0.450813   0.814234 -0.0660645   0.576766
 0.607288    0.6801 -0.410688 0.596213 -0.49866 0.629181
0.539559 0.737106 -0.40688   0.75209 -0.259714  0.605731
  0.83228  0.495007 -0.249555  0.302916 -0.745105  0.594189
0.648977 0.644711 -0.40395  0.377189 -0.771748   0.51199
 0.127213  0.846518 -0.516937  0.827662 -0.406674   0.38677
 0.680575  0.642593 -0.351983  0.410267 -0.734981  0.539893
 0.035743 -0.843184  0.536435    0.962078 -0.00150328    0.272771
0.0713691 -0.830397  0.552583 0.936074 0.189769 0.296232
 0.102622  0.850326 -0.516153  0.933929 0.0942002  0.344823
  0.15943  0.854412 -0.494533   0.92201 0.0238028  0.386433
 0.572995  0.759741 -0.307361  0.685308 -0.422295  0.593312
 0.852372  0.494229 -0.170877   0.31286 -0.720113  0.619319
 0.331363  0.825652 -0.456614   0.76549 -0.427672  0.480752
 0.242563  0.828316 -0.505031  0.865341 -0.267193   0.42402
 0.210363  0.854023 -0.475807  0.435787 -0.833019  0.340836
0.584436 0.662661 -0.46831   0.16004 -0.908458  0.386123
 0.660573  0.636237 -0.398554  0.168708 -0.893411  0.416358
 0.248084  0.846689 -0.470715  0.367891 -0.856682  0.361597
 0.761608 -0.592673  0.262091 0.0513185 -0.89227 0.448577
 0.597209  0.701796 -0.388361  0.369617 -0.831547  0.414624
 0.795705  0.506233 -0.332539 0.309728 -0.83767 0.449864
 0.880597 -0.431407  0.196055 0.0514101 -0.888969  0.455073
0.363929 0.805332 -0.46797  0.416277 -0.799703  0.432653
 0.473426    0.7468 -0.467074 0.363702 -0.81139 0.457567
0.0220334   0.87716 -0.479692  0.852027 -0.495904  0.167718
 0.498898  0.743513 -0.445297  0.304862 -0.835343  0.457451
 0.261538  0.836776 -0.481045  0.426547 -0.816117  0.389887
 0.577157  0.709402 -0.404523  0.22562 -0.87416 0.430047
 0.468737  0.766868 -0.438404  0.337899 -0.829566  0.444571
 0.799505  0.497666 -0.336334  0.172409 -0.876168  0.450116
 0.753731  0.569311 -0.328291  0.383245 -0.608867  0.694554
 0.643831  0.657798 -0.390876  0.638415 -0.261446  0.723929
 0.686959  0.572174 -0.447999  0.555469 -0.331037  0.762803
   0.6728  0.612196 -0.415399  0.560043 -0.365084  0.743684
 0.959666  0.251567 -0.125521 0.150401 0.508425 -0.84787
 0.848479  0.239553 -0.471908  0.136636  0.449801 -0.882616
  0.993605 -0.0475038   -0.10243 0.0611735  0.624814 -0.778373
 0.878243  0.252834 -0.405911  0.105386  0.487882 -0.866525
  0.995427  -0.089278 -0.0339762 0.0543915 -0.759797  0.647881
 0.943714  0.252491 -0.213662  0.196982 -0.810048  0.552286
 0.892382  0.386446 -0.233053  0.216583 -0.753136  0.621191
 0.975085  0.166061 -0.147078 0.123276 -0.78069 0.612639
 0.903163  0.376949 -0.205444  0.156116 -0.700789  0.696076
 0.836045  0.431635 -0.338703  0.149418 -0.533995   0.83218
 0.977965  0.124298 -0.167732 0.0106446 -0.679743  0.733373
 0.947178  0.260167 -0.187528 0.0843591 -0.670275  0.737303
 0.668036 -0.728728  0.150611  0.473069  0.718111 -0.510415
 0.487304 -0.830498  0.269832  0.203754   0.80003 -0.564301
 0.534531 -0.814002  0.227327   0.21659  0.798036 -0.562341
 0.577666 -0.793164  0.192853   0.13305  0.829505 -0.542421
   0.6074 -0.760818   0.22852  0.325672  0.753717 -0.570831
-nan -nan -nan -nan -nan -nan
 0.448942 -0.815956  0.364234  0.101603 -0.889139  0.446216
 0.620778 -0.736026      0.27  0.390094  0.711257 -0.584757
-nan -nan -nan -nan -nan -nan
-nan -nan -nan -nan -nan -nan
 0.427927 -0.871858  0.238207  0.534433   0.71704 -0.447475
 0.862147  0.333809 -0.381149  0.518171  0.728641 -0.447863
 0.938111 -0.268829 -0.218355  0.543009  0.672545 -0.502817
 0.590902 -0.782405  0.196664  0.167003  0.815135 -0.554676
 0.864243  0.311516 -0.395021  0.571944  0.664702 -0.480677
 0.799769 -0.598234 0.0498525  0.507988   0.71225 -0.484405
 0.849803  0.349865 -0.394246 0.0486957  0.919233 -0.390691
 0.682428  0.593013 -0.427349 0.00875048 -0.938851  0.344213
 0.815416  0.412807 -0.405815 0.0206959 -0.926458  0.375828
 0.911097  0.208294 -0.355691 0.0961384  0.910738 -0.401639
 0.960345  -0.02735 -0.277471 0.0258491  0.896747 -0.441787
  0.82237 -0.568851 0.0107472 0.0874199  0.852105 -0.516018
  0.891885  -0.449832 -0.0468273  0.115934  0.845119 -0.521855
 0.878946 -0.475347 -0.038714  0.132177  0.838743 -0.528241
   0.868536   -0.495598 -0.00538217    0.1471    0.8288 -0.539864
 0.645457  0.538834 -0.541335  0.129979 -0.864078  0.486286
 0.923235 -0.365952 -0.117113  0.238998  0.835702 -0.494452
 0.967975 -0.153083 -0.198973   0.05554  0.847733 -0.527508
 0.960811 -0.237207 -0.143442  0.253135  0.843369 -0.473973
 0.962648 -0.128293 -0.238432 0.0736932  0.889485 -0.450983
  0.902657  -0.429496 -0.0272802  0.162869  0.830718 -0.532336
  0.964009 -0.0265525  -0.264541 0.0824901   0.89037 -0.447701
 0.663621 -0.730565 -0.160878 0.430582 0.552588 0.713615
0.149735 0.730275 0.666541  0.824453 -0.565023 0.0320325
0.753438 0.306863 0.581521  0.317598 -0.849093 -0.422104
0.442086 0.557097 0.702996   0.66165  -0.72798 -0.179625
 0.763229 -0.645601 0.0261029 0.394741   0.7077 0.585953
 0.739268 -0.671668 0.0484167  0.10467 0.869982 0.481846
-nan -nan -nan -nan -nan -nan
0.733047 0.350522 0.582904 0.348983 0.739907 0.575108
-nan -nan -nan -nan -nan -nan
-nan -nan -nan -nan -nan -nan
  0.785522  -0.618739 -0.0108344 0.0282027 0.774596 0.631827
 0.819539 -0.572823 0.0151464  0.096038 -0.800714 -0.591298
  0.86403 -0.476087  0.163687  0.166521 -0.819046  -0.54903
 0.887861 -0.143238  0.437249 0.255259 0.744901 0.616413
0.752702 0.286281  0.59286 0.407236 0.665382  0.62564
 0.915225 -0.247339    0.3181 0.217262 0.773074 0.595948
 0.895037 -0.342006  0.286254   0.33303  -0.76688 -0.548622
 0.637302 -0.729074 -0.249596  0.835119 0.0473123   0.54803
 0.888662 -0.383813  0.250934  0.249154 -0.785444 -0.566569
 0.670834 -0.720606 -0.175237 0.117071 0.678743 0.724984
 0.881862 -0.379038  0.280445  0.352039 -0.792959 -0.497277
 0.912157 -0.374786  0.165847 0.0586568 0.689866 0.721557
 0.823014 -0.565578 0.0526318  0.207349 -0.702099 -0.681222
 0.678105 -0.717258 -0.160358 0.0684768 -0.739281 -0.669907
  0.840142  -0.541947 -0.0213242  0.232943 -0.625646 -0.744516
 0.815821 -0.567874 -0.109343  0.187763 -0.548104 -0.815063
 0.864111 -0.498782 0.0672945  0.254363 -0.690746 -0.676882
  0.785127  -0.618395 -0.0341119  0.237282 -0.635693 -0.734569
 0.826522 -0.554026   0.09958  0.298336 -0.750309 -0.589942
  0.88359 -0.386563  0.264268  0.324974 -0.790492 -0.519148
 0.840191 -0.511759  0.179391  0.277533  -0.72357 -0.631999
 0.838835 -0.543886 0.0233397  0.171143 -0.716885  -0.67586
 0.338783  0.789086 -0.512415 0.781613  0.55346 0.287686
0.404656 0.757815 -0.51183 0.856511 0.283528 0.431278
 0.395843  0.809582 -0.433458 0.867002 0.192107 0.459786
 0.414476  0.783187 -0.463494 0.853628 0.303797 0.423116
 0.426251  0.842498 -0.329404  0.864888 0.0451026  0.499934
0.0432383 0.840804 -0.53961 0.877268 0.379465 0.293952
 0.312687   0.87547 -0.368482 0.816937 0.468495 0.336342
 0.117202  0.861924 -0.493307 0.883544 0.354417 0.306169
 0.235751   0.85039 -0.470382 0.691283 0.693062 0.204433
0.620995 0.171052 0.764922    0.53392   0.842386 -0.0729121
 0.293035    0.8147 -0.500395 0.686659 0.700135 0.195731
 0.351288  0.856261 -0.378702 0.688884 0.681617 0.246651
 0.364678  0.821234 -0.438844 0.773618 0.557968 0.300312
 0.453342  0.822517 -0.343434 0.857682 0.153594 0.490704
 0.359975  0.862797 -0.354963 0.798948 0.500992 0.332701
 0.358339  0.843681 -0.399745 0.806692 0.480789 0.343643
0.297991 0.81186 0.50208  0.492541  0.854526 -0.164889
0.0776513 -0.361101 -0.929288 0.536587 0.832433 -0.13831
0.131634 0.451245 0.882638  0.511356  0.852614 -0.107537
 0.145089 -0.145174  -0.97871   0.506611   0.857818 -0.0865604
 0.440639  0.843067 -0.308344 0.521687 0.828681 0.202808
 0.114575 -0.444708  0.888317     0.50631     0.86235 -0.00126406
 0.236024  0.772897 -0.589002   0.46078  0.887045 0.0288451
 0.221613  0.732676 -0.643485  0.497504  0.866841 0.0328017
 0.42423 0.884067 0.196098  0.400773  0.896723 -0.187798
0.442864 0.873583 0.201802  0.392198  0.822752 -0.411412
0.404223 0.873913 0.269963   0.45215  0.867183 -0.208697
 0.410426   0.90746 0.0898194  0.329533  0.750988 -0.572211
0.420579 0.896053 0.142136  0.443075  0.830948 -0.336467
 0.446073  0.793301 -0.414358 0.476942 0.870447 0.121857
 0.405554  0.893164 -0.194381 0.430858 0.879546 0.201893
0.327453 0.730407 0.599399  0.447597  0.886608 -0.116545
 0.490505  0.477215 -0.729158 0.651622 0.745517 0.139974
 0.481585  0.319112 -0.816237  0.562042  0.824023 0.0713807
 0.426295  0.208169 -0.880306  0.696617  0.715848 0.0478244
 0.483944   0.40363 -0.776454  0.654632  0.751929 0.0778448
  0.37727  0.140698 -0.915353   0.853024   0.520701 -0.0349337
  0.61977  0.300309 -0.725051     0.950395     0.311047 -0.000348373
 0.176661  0.362407 -0.915124  0.902424  0.406156 -0.143761
0.563487 0.323268 -0.76025    0.935379    0.353532 -0.00896246
0.496245 0.580076 -0.64595 0.886962 0.324785  0.32835
 0.407447  0.659102 -0.632117 0.869551   0.3833 0.311388
  0.54884  0.641735 -0.535678 0.758304 0.548854  0.35176
 0.520907  0.639926 -0.564934 0.855564 0.351699 0.379892
 0.589434  0.583377 -0.558784 0.741593 0.597947 0.304137
 0.300538   0.20937 -0.930506   0.788549   0.613079 -0.0482085
 0.475616   0.50847 -0.717808 0.897422 0.411306 0.159565
 0.549547  0.486537 -0.679176 0.778226 0.591402 0.211206
0.220114 0.876164  0.42882  0.304299 -0.803344   -0.5119
 0.234149 -0.862864 -0.447928  0.784712    0.4526 -0.423533
0.469987 0.796137 0.381153  0.185722 -0.855678 -0.483035
  0.33203 -0.803765 -0.493677  0.120678 -0.867309  -0.48292
0.0607244 0.847617 0.527122  0.421562  -0.80046 -0.426087
0.123067 0.806708 0.577994  0.450359 -0.796923 -0.402605
0.0987755 0.824375 0.557359  0.441472 -0.763227 -0.471791
0.102562 0.829997 0.548257  0.436251 -0.790411 -0.430042
0.775368 0.560437 0.291058  0.300813 -0.781232 -0.546981
0.571252 0.718483 0.396804  0.392246 -0.707242 -0.588176
0.220656 0.854834 0.469648  0.356461 -0.760534 -0.542701
0.518674 0.742404 0.424044   0.35343 -0.761114 -0.543868
0.541879 0.767996 0.341394   0.27586 -0.812882 -0.512957
  0.10115 -0.864861 -0.491715  0.802182 -0.487668 -0.344506
0.858274 0.449756 0.247153  0.257199  -0.80903 -0.528507
  0.93739 -0.234272 -0.257715  0.151327 -0.847564  -0.50866
0.0697634 0.806342  0.58732  0.608568 -0.530939 -0.589703
0.170493 0.771316 0.613191  0.605701 -0.527759  -0.59548
0.0668287 0.769415 0.635244  0.699122 -0.342644 -0.627554
0.160377 0.774607  0.61177  0.610294 -0.522048 -0.595824
0.368081 0.817305 0.443315  0.645357 -0.292017 -0.705861
0.410773 0.830556 0.376087  0.668893 -0.159457 -0.726055
0.372881 0.838707 0.396902  0.611784 -0.361277 -0.703704
0.325572 0.810605 0.486746  0.647702 -0.293413 -0.703129
 0.16706 0.825076  0.53976  0.550441 -0.509425 -0.661438
0.0136272 -0.785612  -0.61857  0.576418 -0.554362 -0.600354
0.0296685 0.801523 0.597227  0.591775 -0.540372 -0.598164
0.0188516 0.795443 0.605735  0.590478 -0.544917 -0.595316
0.0050163 0.802296 0.596905  0.634237 -0.505655 -0.584856
0.0475686 0.774537 0.630738  0.710404 -0.318555 -0.627574
0.138617 0.811695 0.567395  0.597757 -0.461021 -0.655855
0.271768 0.833086 0.481778  0.579314  -0.47176 -0.664709
0.447745 0.625514 0.638949  0.285879 -0.831712 -0.475949
 0.790167 -0.606586 -0.087686  0.101005 -0.819898 -0.563529
0.462971 0.613075 0.640154  0.346209 -0.798229  -0.49292
 0.43713 0.615664 0.655649  0.315255 -0.824943 -0.469129
0.294998 0.720348 0.627754  0.445606 -0.739293 -0.504858
0.280433 0.745384 0.604781  0.515244 -0.658334 -0.548744
0.102282 0.785886 0.609853  0.496502 -0.719883 -0.485031
 0.14973 0.767922 0.622797  0.484677 -0.722858 -0.492508
0.055916  0.78463 0.617437  0.500707 -0.755065 -0.423284
0.0667368 0.776828 0.626167  0.527995 -0.776577 -0.343728
0.178895 0.753324  0.63285  0.443721 -0.803374 -0.397116
0.161131 0.763255 0.625683  0.438134 -0.803255  -0.40351
0.0960864 0.792956 0.601655  0.387003 -0.817322 -0.426864
0.208284 0.745974 0.632567   0.41076 -0.783873  -0.46564
0.0714961  0.79614 0.600873  0.453184 -0.772211 -0.445325
0.181057 0.764579 0.618576  0.425545 -0.782077 -0.455267
0.0390631 0.809123  0.58634  0.518378 -0.726686  -0.45079
0.0104746 0.805766 0.592142  0.567031 -0.746205  -0.34879
0.0740439 0.789628 0.609103     0.491 -0.753164 -0.437794
0.0310453 -0.802171 -0.596286  0.569184 -0.721324 -0.394614
0.0289087 0.800314 0.598884  0.513149 -0.708912 -0.483861
0.176681  0.76566 0.618505  0.545332 -0.642216 -0.538675
0.0318907 -0.801427 -0.597242  0.613322 -0.593643 -0.520984
0.000613587 -0.793114 -0.609073  0.592336 -0.618772 -0.516004
 0.017587 -0.798472 -0.601774  0.570399 -0.613616 -0.546005
0.171687 0.787205  0.59231  0.454336 -0.679266 -0.576348
0.382556 0.740201 0.552949   0.40751 -0.737279 -0.538847
0.128403 0.793897 0.594341   0.46371 -0.672495 -0.576822
 0.13526 0.792609 0.594538  0.453296 -0.722281 -0.522333
0.0135778 -0.790461 -0.612362 0.543093 -0.69324 -0.47378
0.0149864 -0.792373 -0.609852  0.565495 -0.623475 -0.539902
0.00278697 -0.801071 -0.598563  0.528618 -0.689212  -0.49553
 0.396143  0.193124 -0.897649   0.708819   0.703641 -0.0496459
0.0347053 -0.319275 -0.947026  0.606555  0.750363 -0.262768
0.466767 0.804784 0.366675  0.667494  0.503982 -0.548137
  0.18164 -0.206226 -0.961498  0.662287  0.719954 -0.207468
0.394508 0.809991  0.43391  0.719724  0.360431 -0.593369
0.260901 0.799961 0.540364  0.748661  0.189954 -0.635157
  0.616015 -0.0338216  -0.787008 0.689261 0.695119 0.204275
 0.381088 -0.329606 -0.863789  0.766266  0.610135 -0.201424
 0.622196 0.0624507 -0.780366 0.769881  0.50211 0.393915
 0.734037  0.202634 -0.648174 0.835584 0.288912 0.467258
 0.358775  0.151073 -0.921117  0.845993  0.526281 0.0855793
 0.343027 0.0258058 -0.938971 0.877842 0.439025 0.191443
 0.500911  0.192123 -0.843906 0.734632 0.670955 0.100668
0.585532 0.153049 -0.79607  0.641744  0.763401 0.0733725
  0.505982 -0.0362261  -0.861783 0.768244 0.630468 0.110952
 0.463982 0.0286734  -0.88538   0.748421   0.663102 -0.0126908
 0.516019  0.853623 0.0710802  0.611995  0.615304 -0.496853
0.415076 0.828415 0.376086   0.57423  0.742375 -0.345166
0.442113 0.868679 0.223459  0.552602   0.76381 -0.333506
0.426031 0.836631 0.344305  0.574516   0.73795 -0.354064
0.342914 0.870374 0.353354  0.543824  0.791771 -0.278127
0.512497  0.85852 0.017031  0.519536   0.60713 -0.601229
0.445522 0.882149 0.152718  0.564424  0.773367 -0.288669
0.450431 0.872245 0.190528  0.540113  0.743491 -0.394333
 0.39942 0.878809 0.261072  0.590961  0.748499 -0.300854
0.359505 0.848553 0.388218  0.622893  0.710247 -0.327953
0.292968 0.861626 0.414453 0.619743 0.704481 -0.34587
0.131988 0.712528 0.689118 0.621647  0.71133 -0.32797
0.0704583 0.692954 0.717531  0.600857  0.743221 -0.294268
 0.472736  0.878444 0.0696942   0.56044  0.738921 -0.374036
0.404197 0.866933 0.291637  0.577425  0.763714 -0.288656
0.355115 0.884488 0.302612  0.583991  0.741156 -0.331124
  0.53761  0.693907 -0.479029 0.741185 0.564315 0.363584
 0.389505  0.714848 -0.580757 0.845561 0.432105 0.313546
 0.307642  0.739056 -0.599293 0.747177 0.634179 0.198854
 0.482592  0.736197 -0.474467 0.773836 0.506287 0.380594
 0.275615  0.768394 -0.577587  0.65087 0.747211 0.134325
 0.322407  0.823222 -0.467289 0.595194 0.793522 0.126758
 0.462315  0.822749 -0.330679 0.571743 0.774812 0.269769
 0.453586  0.845182 -0.282714 0.631852 0.700327 0.332121
 0.548605  0.787859 -0.279841 0.464908 0.757549 0.458236
  0.56105  0.610749 -0.558757 0.505562 0.833037 0.224623
 0.572068  0.664974 -0.480154 0.608796  0.73608 0.295894
 0.494122  0.576635 -0.650642 0.548753 0.822839 0.147671
 0.522402  0.713521 -0.466888 0.650656 0.693407  0.30957
 0.488043   0.80306 -0.341919 0.691131 0.613797 0.381565
 0.527941   0.81377 -0.243016 0.549774 0.692971 0.466412
 0.535366  0.775994 -0.333492 0.631157 0.659433 0.408397
0.425656 0.874889 0.231056   0.43937  0.838744 -0.321658
0.436554 0.835144 0.334599  0.419542   0.87134 -0.254463
 0.456344  0.711129 -0.534833  0.484173  0.874158 0.0377409
0.473576 0.85538 0.20988   0.43831  0.795481 -0.418444
 0.45043 0.859774 0.240628 0.508113 0.798629 -0.32251
0.437853 0.844598 0.308123  0.527408  0.793488 -0.303673
  0.471261   0.881938 0.00991079  0.521516  0.742479 -0.420412
0.441372 0.846533 0.297611 0.527093 0.790997 -0.31064
0.368668 0.808011 0.459567  0.520618  0.815626 -0.252411
0.310652 0.704678 0.637906  0.543763  0.812294 -0.210949
0.338242 0.750475 0.567785  0.490702  0.854646 -0.169681
0.293374 0.744965 0.599132  0.517249  0.837774 -0.174895
0.405864 0.848976   0.3384   0.48385  0.855338 -0.185166
0.471855 0.865604 0.167581 0.492514 0.787615 -0.37026
0.433793 0.878863 0.198552  0.509723  0.810991 -0.287187
 0.464108  0.885222 0.0313992  0.486583  0.791892 -0.368977
  0.45363  0.647265 -0.612591   0.506502   0.859206 -0.0722576
0.283524 0.726939 0.625439  0.489778  0.598979 -0.633516
0.0909283 -0.200907 -0.975381  0.507328  0.847766 -0.154635
 0.296288  0.119987 -0.947532  0.518284  0.837811 -0.171621
  0.475551   0.874534 -0.0950925   0.142492 -0.0981534  -0.984917
0.441546 0.705099 0.554863 0.483902  0.86619 0.124717
-nan -nan -nan -nan -nan -nan
  0.563545    0.82159 -0.0860636 0.428333 0.782755 0.451469
 0.175835 -0.368536 -0.912833 0.379603 0.916179 0.128519
0.214765 0.689513 0.691699 0.430837 0.891948 0.137146
   0.4919  0.796076 -0.352558  0.474632  0.880042 0.0158374
0.505164 0.835773 -0.21516   0.444539   0.895744 0.00524192
 0.514836  0.770963 -0.374913  0.469949  0.882599 0.0129011
  0.29646  0.155305 -0.942333   0.48408  0.869173 -0.101025
 0.462346  0.878637 -0.119304  0.28932 0.901513 0.321821
 0.504904   0.78498 -0.358996  0.464434  0.885481 0.0150228
 0.24902 0.625514 0.739406  0.563286   0.76877 -0.302823
    0.2378 -0.0127273  -0.971231  0.534318  0.837171 -0.116826
 0.222178 0.0956163 -0.970306  0.541682   0.80156 -0.253143
0.00434562 0.345417 0.938439  0.537865  0.823816 -0.178963
 0.317627  0.206563 -0.925443  0.539331  0.805329 -0.246103
0.0118851 0.138179 0.990336  0.540642  0.809426 -0.229204
 0.170275 0.0636707 -0.983337  0.574657  0.739167 -0.351286
 0.309311  0.193416 -0.931084  0.539181  0.805463 -0.245994
 0.23445 0.406562 0.883029  0.607144  0.704266 -0.367948
0.367335 0.753227 0.545631   0.63181  0.673585 -0.383536
0.352439 0.737647 0.575902   0.59447  0.727445 -0.342679
0.364779 0.800447 0.475626  0.609739  0.707216 -0.357859
0.358399 0.785178  0.50502  0.574891  0.755432 -0.314363
  0.27345   0.21775 -0.936915  0.539472  0.805674 -0.244663
0.0507093 -0.173915 -0.983454  0.578766  0.750281 -0.319542
 0.196644   0.10961 -0.974329  0.572535  0.757627 -0.313378
 0.470548 -0.557092 -0.684276  0.448725 -0.327456  0.831516
  0.44844 -0.776289 -0.443031  0.408741 -0.428174  0.805976
 0.374795 -0.496641 -0.782864  0.437566 -0.551542  0.710167
 0.173169 -0.399248 -0.900341  0.449406 -0.496165  0.742869
0.0373647 -0.141701 -0.989204  0.512781 -0.677764  0.526964
0.0175297 -0.130604  -0.99128  0.530179 -0.736867  0.419449
 0.159825 -0.313441 -0.936061   0.56184 -0.614301  0.554049
 0.125358 -0.314416 -0.940972  0.521173 -0.707458   0.47737
 0.357049 -0.474878 -0.804368  0.541459 -0.392132  0.743677
 0.433218 -0.524618 -0.732869  0.530497 -0.151764  0.833991
 0.421789 -0.491674 -0.761808  0.497098 -0.235083  0.835242
 0.368881 -0.562924 -0.739624  0.546012 -0.294422  0.784338
 0.307772 -0.516268 -0.799214  0.498704 -0.394528  0.771779
 0.073893 -0.192468 -0.978517  0.502015 -0.659605  0.559377
 0.219698 -0.424228 -0.878501  0.558211 -0.581469  0.591856
 0.341605 -0.437537 -0.831786  0.487239 -0.464365  0.739569
 0.412107 -0.681566  0.604678  0.854883 -0.501444 -0.133148
 0.150722 -0.720834  0.676522  0.762508 -0.645308 0.0464647
 0.134887 -0.688693  0.712396   0.880234  -0.473406 -0.0327855
0.0268112 -0.626469  0.778985  0.807809 -0.586547 0.0583654
0.149341 -0.67236 0.725003   0.95506 -0.271394  -0.11919
0.0329044 -0.642799  0.765328  0.983616 -0.149769 -0.100345
0.165934 -0.59729 0.784673  0.964352 -0.236914 -0.117888
 0.404639 -0.637674  0.655469    0.929586 -0.00655391   -0.368548
0.0569345 -0.498843   0.86482  0.907751 -0.416831  0.047331
0.00674397 -0.410291   0.91193  0.837736 -0.521979  0.160427
 0.237273 -0.575924  0.782313   0.852336  -0.522095 -0.0306398
 0.106014 -0.480177  0.870742  0.876495 -0.480316 0.0324569
0.363502 -0.64272 0.674372  0.879624 -0.447455 -0.161383
  0.27879 -0.671766  0.686299  0.929439 -0.332466 -0.160032
 0.286773 -0.595651  0.750308   0.94408 -0.263055 -0.198786
  0.28876 -0.644133  0.708315  0.917683 -0.377528 -0.123818
 0.431606 -0.848402  0.306481  0.352085 -0.328854 -0.876294
 0.441689 -0.861711   0.24973  0.343772 -0.387784 -0.855245
 0.440321 -0.876465  0.194748 0.0413361 -0.221635 -0.974253
 0.435592 -0.839127   0.32577  0.490678 -0.718353 -0.493157
 0.455021 -0.860277  0.229954  0.243352 0.0183474  0.969764
-nan -nan -nan -nan -nan -nan
0.0850062 -0.296961 -0.951098  0.465369 -0.842204 -0.272256
 0.534229 -0.644975  0.546449  0.334501 -0.245144  0.909952
-nan -nan -nan -nan -nan -nan
 0.492994  0.479829 -0.725756  0.186883   0.70877 -0.680235
 0.447167 -0.835413  0.319573 0.0563658  0.422885 -0.904429
-nan -nan -nan -nan -nan -nan
  0.53113 -0.808087  0.254746   0.27396   -0.1648 -0.947516
 0.471442 -0.825273  0.310913  0.293762 -0.596857 -0.746636
 0.467034 -0.721054  0.511821   0.129561 -0.0631073   0.989561
 0.466298 -0.747525  0.473045  0.438791 -0.831676  -0.34026
 0.601948 -0.595609 -0.531892 0.346809 0.441846 0.827343
 0.514337 -0.651295 -0.557918 0.243824 0.591511 0.768547
 0.263357 -0.687648 -0.676597 0.363473 0.396714 0.842915
 0.280358 -0.640573 -0.714889 0.376325 0.428197   0.8216
 0.405955 -0.762594 -0.503638 0.388147 0.157972 0.907958
 0.141019 -0.677501 -0.721877  0.429624 -0.283883  0.857224
